     |      à       |      á       |      â       |      ã       |      ä       |      å       |      æ       |      ç       |      è       |      é       |      ê       |      ë       |      ì       |      í       |      î       |      ï       |      ð       |      ñ       |      ò       |      ó       |      ô       |      õ       |      ö       |      ÷       |      ø       |      ù       |      ü       |      û       |      ý       |      þ       |      ÿ       |      ' '      |
-------------------------------------------------------------------------------------------------------------------------------------------------------------------------------------------------------------------------------------------------------------------------------------------------------------------------------------------------------------------------------------------------------------------------------------------------------------------
à    | 0,000000780  | 0,000862616  | 0,002793751  | 0,000637992  | 0,001740830  | 0,001470190  | 0,001202670  | 0,003009795  | 0,000131030  | 0,000464845  | 0,003989402  | 0,007714404  | 0,002821049  | 0,003824834  | 0,000040557  | 0,000889134  | 0,001793866  | 0,003736701  | 0,004381713  | 0,000537380  | 0,000331475  | 0,000934370  | 0,000318996  | 0,000861056  | 0,000641112  | 0,000348634  | 0,000000000  | 0,000000000  | 0,000007019  | 0,001005345  | 0,002059046 | 0,016890420 |
-------------------------------------------------------------------------------------------------------------------------------------------------------------------------------------------------------------------------------------------------------------------------------------------------------------------------------------------------------------------------------------------------------------------------------------------------------------------
á    | 0,000753424  | 0,000003900  | 0,000036657  | 0,000003900  | 0,000015599  | 0,001735370  | 0,000017939  | 0,000004680  | 0,001378937  | 0,000000000  | 0,000106852  | 0,000751084  | 0,000031978  | 0,000296378  | 0,002236093  | 0,000022618  | 0,001235428  | 0,000179387  | 0,000007019  | 0,000839997  | 0,000000000  | 0,000040557  | 0,000001560  | 0,000001560  | 0,000034317  | 0,000202785  | 0,000032758  | 0,003218820  | 0,000000780  | 0,000005460  | 0,000520221 | 0,000226963 |
-------------------------------------------------------------------------------------------------------------------------------------------------------------------------------------------------------------------------------------------------------------------------------------------------------------------------------------------------------------------------------------------------------------------------------------------------------------------
â    | 0,005338701  | 0,000009359  | 0,000047576  | 0,000011699  | 0,000310417  | 0,004585278  | 0,000000780  | 0,000352534  | 0,002878765  | 0,000000000  | 0,000282339  | 0,000753424  | 0,000157548  | 0,001476430  | 0,005645998  | 0,000315876  | 0,000907072  | 0,002392861  | 0,000211364  | 0,000601335  | 0,000000000  | 0,000048356  | 0,000006240  | 0,000042117  | 0,000831418  | 0,000007019  | 0,000138050  | 0,002205675  | 0,000000000  | 0,000001560  | 0,000241002 | 0,005876861 |
-------------------------------------------------------------------------------------------------------------------------------------------------------------------------------------------------------------------------------------------------------------------------------------------------------------------------------------------------------------------------------------------------------------------------------------------------------------------
ã    | 0,001102838  | 0,000000780  | 0,000038217  | 0,000002340  | 0,001099718  | 0,000332255  | 0,000000000  | 0,000002340  | 0,000724566  | 0,000000000  | 0,000095933  | 0,001410135  | 0,000021838  | 0,000318216  | 0,006368225  | 0,000000000  | 0,001567683  | 0,000009359  | 0,000010139  | 0,000467965  | 0,000000000  | 0,000000000  | 0,000000000  | 0,000053036  | 0,000005460  | 0,000000000  | 0,000000000  | 0,000000000  | 0,000000000  | 0,000000000  | 0,000000000 | 0,000825958 |
-------------------------------------------------------------------------------------------------------------------------------------------------------------------------------------------------------------------------------------------------------------------------------------------------------------------------------------------------------------------------------------------------------------------------------------------------------------------
ä    | 0,004376253  | 0,000022618  | 0,000812699  | 0,000031198  | 0,000057716  | 0,004573578  | 0,000193426  | 0,000012479  | 0,002527011  | 0,000000000  | 0,000293258  | 0,000624733  | 0,000058496  | 0,001591081  | 0,003398206  | 0,000094373  | 0,000886014  | 0,000327576  | 0,000259721  | 0,001272865  | 0,000000780  | 0,000044457  | 0,000191866  | 0,000040557  | 0,000058496  | 0,000000000  | 0,000302617  | 0,000700388  | 0,000003900  | 0,000027298  | 0,000325236 | 0,001063061 |
-------------------------------------------------------------------------------------------------------------------------------------------------------------------------------------------------------------------------------------------------------------------------------------------------------------------------------------------------------------------------------------------------------------------------------------------------------------------
å    | 0,000171587  | 0,001269745  | 0,001392976  | 0,002962219  | 0,003231299  | 0,001609800  | 0,000751084  | 0,001192531  | 0,000114651  | 0,002437318  | 0,001644897  | 0,004714748  | 0,004065836  | 0,007315854  | 0,000279999  | 0,000918771  | 0,005929897  | 0,004309178  | 0,005028285  | 0,000133370  | 0,000061615  | 0,000329135  | 0,000237102  | 0,000902393  | 0,001161333  | 0,000775262  | 0,000000000  | 0,000000000  | 0,000000780  | 0,000091253  | 0,000111532 | 0,018773979 |
-------------------------------------------------------------------------------------------------------------------------------------------------------------------------------------------------------------------------------------------------------------------------------------------------------------------------------------------------------------------------------------------------------------------------------------------------------------------
æ    | 0,001030303  | 0,000017159  | 0,000001560  | 0,000007799  | 0,000722226  | 0,003349070  | 0,000008579  | 0,000000780  | 0,001261166  | 0,000000000  | 0,000086574  | 0,000007799  | 0,000001560  | 0,001171472  | 0,000082674  | 0,000000000  | 0,000004680  | 0,000003120  | 0,000003120  | 0,000249581  | 0,000000000  | 0,000000000  | 0,000000000  | 0,000027298  | 0,000000000  | 0,000000000  | 0,000057716  | 0,000000000  | 0,000000000  | 0,000000000  | 0,000000000 | 0,000209024 |
-------------------------------------------------------------------------------------------------------------------------------------------------------------------------------------------------------------------------------------------------------------------------------------------------------------------------------------------------------------------------------------------------------------------------------------------------------------------
ç    | 0,004716308  | 0,000159888  | 0,000908632  | 0,000354874  | 0,000914872  | 0,000435208  | 0,000075654  | 0,000014819  | 0,000479664  | 0,000000000  | 0,000163008  | 0,000227743  | 0,000513202  | 0,001699493  | 0,000998325  | 0,000000000  | 0,000348634  | 0,000000000  | 0,000013259  | 0,000401670  | 0,000000000  | 0,000000000  | 0,000035097  | 0,000011699  | 0,000006240  | 0,000000000  | 0,000145849  | 0,000388411  | 0,000000000  | 0,000007019  | 0,000140390 | 0,001587181 |
-------------------------------------------------------------------------------------------------------------------------------------------------------------------------------------------------------------------------------------------------------------------------------------------------------------------------------------------------------------------------------------------------------------------------------------------------------------------
è    | 0,000202005  | 0,000431308  | 0,002317207  | 0,000524901  | 0,001542725  | 0,002540270  | 0,000279219  | 0,002399881  | 0,000909412  | 0,001014704  | 0,002078545  | 0,004788063  | 0,002674420  | 0,002863946  | 0,000435208  | 0,000304957  | 0,001348519  | 0,002978598  | 0,003803776  | 0,000014039  | 0,000056156  | 0,001750189  | 0,001121556  | 0,001123116  | 0,000803340  | 0,000154428  | 0,000000000  | 0,000000000  | 0,000002340  | 0,000384511  | 0,001644897 | 0,017618105 |
-------------------------------------------------------------------------------------------------------------------------------------------------------------------------------------------------------------------------------------------------------------------------------------------------------------------------------------------------------------------------------------------------------------------------------------------------------------------
é    | 0,000000000  | 0,000000000  | 0,000001560  | 0,000000000  | 0,000117771  | 0,000006240  | 0,000000000  | 0,000028858  | 0,000003120  | 0,000000000  | 0,000076434  | 0,000012479  | 0,000068635  | 0,000400110  | 0,000018719  | 0,000002340  | 0,000003900  | 0,000714427  | 0,000198105  | 0,000000000  | 0,000003120  | 0,000000000  | 0,000009359  | 0,000112312  | 0,000087353  | 0,000002340  | 0,000000000  | 0,000000000  | 0,000000000  | 0,000000780  | 0,000003120 | 0,007069392 |
-------------------------------------------------------------------------------------------------------------------------------------------------------------------------------------------------------------------------------------------------------------------------------------------------------------------------------------------------------------------------------------------------------------------------------------------------------------------
ê    | 0,006487556  | 0,000000000  | 0,000199665  | 0,000000780  | 0,000001560  | 0,000618494  | 0,000040557  | 0,000029638  | 0,002429519  | 0,000000000  | 0,000027298  | 0,000637992  | 0,000000780  | 0,000292478  | 0,008034960  | 0,000000780  | 0,001697933  | 0,000740945  | 0,000937490  | 0,001850802  | 0,000000000  | 0,000000000  | 0,000089693  | 0,000001560  | 0,000013259  | 0,000000000  | 0,000000000  | 0,000000000  | 0,000000000  | 0,000005460  | 0,000000000 | 0,003855252 |
-------------------------------------------------------------------------------------------------------------------------------------------------------------------------------------------------------------------------------------------------------------------------------------------------------------------------------------------------------------------------------------------------------------------------------------------------------------------
ë    | 0,007024155  | 0,000026518  | 0,000019499  | 0,000145069  | 0,000017939  | 0,004153190  | 0,000312757  | 0,000042897  | 0,007114629  | 0,000000000  | 0,000375932  | 0,000169247  | 0,000031198  | 0,000404010  | 0,006404102  | 0,000015599  | 0,000000000  | 0,001113757  | 0,000064735  | 0,001119216  | 0,000004680  | 0,000000780  | 0,000000000  | 0,000089693  | 0,000003120  | 0,000003900  | 0,004129792  | 0,000616154  | 0,000000000  | 0,000831418  | 0,001701053 | 0,004149290 |
-------------------------------------------------------------------------------------------------------------------------------------------------------------------------------------------------------------------------------------------------------------------------------------------------------------------------------------------------------------------------------------------------------------------------------------------------------------------
ì    | 0,002537151  | 0,000050696  | 0,000005460  | 0,000024178  | 0,000000000  | 0,003770238  | 0,000000000  | 0,000001560  | 0,002686899  | 0,000000000  | 0,000130250  | 0,000191086  | 0,000056156  | 0,001221389  | 0,003782718  | 0,000141949  | 0,000043677  | 0,000101392  | 0,000001560  | 0,001984172  | 0,000021058  | 0,000018719  | 0,000005460  | 0,000032758  | 0,000000000  | 0,000002340  | 0,000044457  | 0,001205010  | 0,000003120  | 0,000000780  | 0,000434428 | 0,007841535 |
-------------------------------------------------------------------------------------------------------------------------------------------------------------------------------------------------------------------------------------------------------------------------------------------------------------------------------------------------------------------------------------------------------------------------------------------------------------------
í    | 0,010449660  | 0,000001560  | 0,000019499  | 0,000068635  | 0,000209804  | 0,009726654  | 0,000017939  | 0,000038997  | 0,008390614  | 0,000000000  | 0,000327576  | 0,000000780  | 0,000001560  | 0,002913082  | 0,009989494  | 0,000003120  | 0,000179387  | 0,000478104  | 0,001747850  | 0,002394421  | 0,000067855  | 0,000005460  | 0,000228523  | 0,000153649  | 0,000007799  | 0,000066295  | 0,000662951  | 0,003907508  | 0,000000000  | 0,000140390  | 0,001259606 | 0,002578487 |
-------------------------------------------------------------------------------------------------------------------------------------------------------------------------------------------------------------------------------------------------------------------------------------------------------------------------------------------------------------------------------------------------------------------------------------------------------------------
î    | 0,000010139  | 0,003712523  | 0,006303489  | 0,004900374  | 0,004391072  | 0,001942055  | 0,002000551  | 0,001610580  | 0,000838437  | 0,003576813  | 0,001987292  | 0,006353406  | 0,005618700  | 0,006808891  | 0,000278439  | 0,001667515  | 0,004717088  | 0,006393183  | 0,007079531  | 0,000067855  | 0,000105292  | 0,000532700  | 0,000120111  | 0,001835203  | 0,000680109  | 0,000333035  | 0,000000000  | 0,000000000  | 0,000026518  | 0,000104512  | 0,000637212 | 0,022339093 |
-------------------------------------------------------------------------------------------------------------------------------------------------------------------------------------------------------------------------------------------------------------------------------------------------------------------------------------------------------------------------------------------------------------------------------------------------------------------
ï    | 0,001360218  | 0,000000000  | 0,000000000  | 0,000000000  | 0,000000000  | 0,002337486  | 0,000000000  | 0,000000000  | 0,000932030  | 0,000000000  | 0,000121671  | 0,000841557  | 0,000000000  | 0,000151309  | 0,009439635  | 0,000064735  | 0,006912624  | 0,000190306  | 0,000124011  | 0,000814259  | 0,000000780  | 0,000000000  | 0,000000000  | 0,000010919  | 0,000004680  | 0,000000780  | 0,000044457  | 0,000500723  | 0,000000000  | 0,000004680  | 0,000157548 | 0,000109192 |
-------------------------------------------------------------------------------------------------------------------------------------------------------------------------------------------------------------------------------------------------------------------------------------------------------------------------------------------------------------------------------------------------------------------------------------------------------------------
ð    | 0,007467162  | 0,000046797  | 0,000355653  | 0,000192646  | 0,000153649  | 0,006911844  | 0,000326016  | 0,000034317  | 0,004617255  | 0,000000000  | 0,000282339  | 0,000120111  | 0,000304957  | 0,001024844  | 0,007871952  | 0,000086574  | 0,000099833  | 0,000213704  | 0,000564678  | 0,002282890  | 0,000006240  | 0,000204345  | 0,000042117  | 0,000086574  | 0,000155208  | 0,000029638  | 0,000517881  | 0,001399996  | 0,000015599  | 0,000109192  | 0,001012364 | 0,000701168 |
-------------------------------------------------------------------------------------------------------------------------------------------------------------------------------------------------------------------------------------------------------------------------------------------------------------------------------------------------------------------------------------------------------------------------------------------------------------------
ñ    | 0,001456151  | 0,000057716  | 0,001312642  | 0,000043677  | 0,000226963  | 0,003148625  | 0,000026518  | 0,000005460  | 0,001530246  | 0,000000000  | 0,002911523  | 0,003196981  | 0,000866515  | 0,001018604  | 0,002502053  | 0,002002110  | 0,000279219  | 0,000601335  | 0,010893446  | 0,000660611  | 0,000053036  | 0,000180167  | 0,000061615  | 0,000322116  | 0,000070195  | 0,000001560  | 0,003391967  | 0,000389191  | 0,000006240  | 0,000167687  | 0,003984722 | 0,003117427 |
-------------------------------------------------------------------------------------------------------------------------------------------------------------------------------------------------------------------------------------------------------------------------------------------------------------------------------------------------------------------------------------------------------------------------------------------------------------------
ò    | 0,005358200  | 0,000434428  | 0,002360884  | 0,000012479  | 0,000139610  | 0,004833299  | 0,000002340  | 0,000003120  | 0,003666506  | 0,000000000  | 0,000705847  | 0,000201225  | 0,000076434  | 0,001212029  | 0,014875050  | 0,000145069  | 0,004088455  | 0,001241667  | 0,000075654  | 0,001318102  | 0,000005460  | 0,000018719  | 0,000053036  | 0,000177047  | 0,000014039  | 0,000026518  | 0,006066387  | 0,001845342  | 0,000000780  | 0,000036657  | 0,000526461 | 0,005519648 |
-------------------------------------------------------------------------------------------------------------------------------------------------------------------------------------------------------------------------------------------------------------------------------------------------------------------------------------------------------------------------------------------------------------------------------------------------------------------
ó    | 0,000097493  | 0,000481224  | 0,000694928  | 0,000989746  | 0,001555204  | 0,000233203  | 0,001272865  | 0,000269080  | 0,000393091  | 0,000095153  | 0,000764343  | 0,001342280  | 0,000845457  | 0,000316656  | 0,000008579  | 0,000628633  | 0,000771362  | 0,001172252  | 0,001573143  | 0,000003900  | 0,000018719  | 0,000336935  | 0,000008579  | 0,000871195  | 0,000655151  | 0,000492143  | 0,000000000  | 0,000000000  | 0,000017939  | 0,001076320  | 0,000085794 | 0,005403437 |
-------------------------------------------------------------------------------------------------------------------------------------------------------------------------------------------------------------------------------------------------------------------------------------------------------------------------------------------------------------------------------------------------------------------------------------------------------------------
ô    | 0,000197325  | 0,000000000  | 0,000000000  | 0,000000000  | 0,000000000  | 0,000141169  | 0,000000000  | 0,000000000  | 0,000303397  | 0,000000000  | 0,000000000  | 0,000041337  | 0,000000780  | 0,000003120  | 0,000423508  | 0,000000000  | 0,000074874  | 0,000003120  | 0,000010919  | 0,000086574  | 0,000018719  | 0,000000000  | 0,000000000  | 0,000000000  | 0,000000780  | 0,000000000  | 0,000000780  | 0,000017159  | 0,000000780  | 0,000000000  | 0,000000000 | 0,000107632 |
-------------------------------------------------------------------------------------------------------------------------------------------------------------------------------------------------------------------------------------------------------------------------------------------------------------------------------------------------------------------------------------------------------------------------------------------------------------------
õ    | 0,000275319  | 0,000000000  | 0,000166908  | 0,000002340  | 0,000001560  | 0,000074094  | 0,000000000  | 0,000000780  | 0,000167687  | 0,000000000  | 0,000000780  | 0,000118551  | 0,000045237  | 0,000188746  | 0,002169798  | 0,000000000  | 0,000138050  | 0,000085014  | 0,000021838  | 0,000119331  | 0,000000000  | 0,000000000  | 0,000000000  | 0,000000000  | 0,000014039  | 0,000000000  | 0,000000000  | 0,000007799  | 0,000000780  | 0,000000000  | 0,000000000 | 0,003439543 |
-------------------------------------------------------------------------------------------------------------------------------------------------------------------------------------------------------------------------------------------------------------------------------------------------------------------------------------------------------------------------------------------------------------------------------------------------------------------
ö    | 0,000545179  | 0,000001560  | 0,000074094  | 0,000000000  | 0,000002340  | 0,000823618  | 0,000000000  | 0,000000000  | 0,000937490  | 0,000000000  | 0,000014819  | 0,000000000  | 0,000000000  | 0,000000780  | 0,000166128  | 0,000000000  | 0,000000000  | 0,000001560  | 0,000000000  | 0,000138830  | 0,000000000  | 0,000000000  | 0,000000000  | 0,000000000  | 0,000000000  | 0,000000000  | 0,000000000  | 0,000202005  | 0,000000000  | 0,000000000  | 0,000000000 | 0,000222283 |
-------------------------------------------------------------------------------------------------------------------------------------------------------------------------------------------------------------------------------------------------------------------------------------------------------------------------------------------------------------------------------------------------------------------------------------------------------------------
÷    | 0,001694034  | 0,000000000  | 0,000011699  | 0,000000000  | 0,000000000  | 0,003608011  | 0,000000000  | 0,000000000  | 0,001415594  | 0,000000000  | 0,000343954  | 0,000073315  | 0,000000000  | 0,000928911  | 0,000068635  | 0,000000000  | 0,000017159  | 0,000000000  | 0,003947285  | 0,000623953  | 0,000000000  | 0,000000000  | 0,000000780  | 0,000000000  | 0,000095933  | 0,000000000  | 0,000253481  | 0,000000000  | 0,000000000  | 0,000000000  | 0,000000000 | 0,000045237 |
-------------------------------------------------------------------------------------------------------------------------------------------------------------------------------------------------------------------------------------------------------------------------------------------------------------------------------------------------------------------------------------------------------------------------------------------------------------------
ø    | 0,000652031  | 0,000000000  | 0,000033537  | 0,000000000  | 0,000000000  | 0,001841443  | 0,000000000  | 0,000000000  | 0,001387516  | 0,000000000  | 0,000614594  | 0,000518661  | 0,000024178  | 0,000351754  | 0,000148969  | 0,000023398  | 0,000008579  | 0,000000000  | 0,000079554  | 0,000163008  | 0,000000780  | 0,000000000  | 0,000006240  | 0,000000000  | 0,000000000  | 0,000000000  | 0,001171472  | 0,000000000  | 0,000000000  | 0,000000780  | 0,000000000 | 0,000033537 |
-------------------------------------------------------------------------------------------------------------------------------------------------------------------------------------------------------------------------------------------------------------------------------------------------------------------------------------------------------------------------------------------------------------------------------------------------------------------
ù    | 0,000435208  | 0,000000000  | 0,000000000  | 0,000000000  | 0,000000780  | 0,001760329  | 0,000000000  | 0,000000000  | 0,001014704  | 0,000000000  | 0,000000000  | 0,000000000  | 0,000000000  | 0,000070195  | 0,000003120  | 0,000000000  | 0,000014039  | 0,000000000  | 0,000000000  | 0,000264400  | 0,000000000  | 0,000000000  | 0,000000000  | 0,000000000  | 0,000000000  | 0,000000000  | 0,000035877  | 0,000000000  | 0,000000000  | 0,000000000  | 0,000000000 | 0,000004680 |
-------------------------------------------------------------------------------------------------------------------------------------------------------------------------------------------------------------------------------------------------------------------------------------------------------------------------------------------------------------------------------------------------------------------------------------------------------------------
ü    | 0,000000000  | 0,000038217  | 0,000004680  | 0,000010139  | 0,000024178  | 0,000231643  | 0,000000000  | 0,000150529  | 0,000042897  | 0,000000000  | 0,000841557  | 0,000000000  | 0,000136490  | 0,001311862  | 0,000006240  | 0,000009359  | 0,000000000  | 0,001256486  | 0,000077214  | 0,000000000  | 0,000012479  | 0,000000000  | 0,000070975  | 0,000019499  | 0,000633313  | 0,000005460  | 0,000000000  | 0,000000000  | 0,000000000  | 0,000428968  | 0,000184066 | 0,011501022 |
-------------------------------------------------------------------------------------------------------------------------------------------------------------------------------------------------------------------------------------------------------------------------------------------------------------------------------------------------------------------------------------------------------------------------------------------------------------------
û    | 0,000000000  | 0,000223843  | 0,001109857  | 0,000166128  | 0,000159108  | 0,001344620  | 0,000062395  | 0,000085794  | 0,000008579  | 0,001319662  | 0,000161448  | 0,001598881  | 0,001453032  | 0,000097493  | 0,000000000  | 0,000146629  | 0,000271420  | 0,000687909  | 0,000878214  | 0,000008579  | 0,000000000  | 0,001135595  | 0,000002340  | 0,000133370  | 0,000409469  | 0,000014039  | 0,000000000  | 0,000000000  | 0,000000000  | 0,000000780  | 0,000085794 | 0,005040764 |
-------------------------------------------------------------------------------------------------------------------------------------------------------------------------------------------------------------------------------------------------------------------------------------------------------------------------------------------------------------------------------------------------------------------------------------------------------------------
ý    | 0,000000000  | 0,000000780  | 0,000022618  | 0,000003900  | 0,000025738  | 0,000000000  | 0,000000000  | 0,000002340  | 0,000000000  | 0,000003900  | 0,000380612  | 0,000038217  | 0,000025738  | 0,000036657  | 0,000000000  | 0,000017939  | 0,000016379  | 0,000005460  | 0,002666621  | 0,000000780  | 0,000023398  | 0,000014039  | 0,000000000  | 0,000000000  | 0,000000780  | 0,000000000  | 0,000000000  | 0,000000000  | 0,000000000  | 0,000000000  | 0,000000000 | 0,000001560 |
-------------------------------------------------------------------------------------------------------------------------------------------------------------------------------------------------------------------------------------------------------------------------------------------------------------------------------------------------------------------------------------------------------------------------------------------------------------------
þ    | 0,000002340  | 0,000181726  | 0,000005460  | 0,000009359  | 0,000360333  | 0,000002340  | 0,000235542  | 0,000071755  | 0,000000780  | 0,000007799  | 0,000056936  | 0,000003900  | 0,000033537  | 0,000028078  | 0,000001560  | 0,000003120  | 0,000033537  | 0,000096713  | 0,000409469  | 0,000000000  | 0,000000000  | 0,000009359  | 0,000016379  | 0,000131810  | 0,000013259  | 0,000769023  | 0,000000000  | 0,000000000  | 0,000000000  | 0,000026518  | 0,000000000 | 0,002315647 |
-------------------------------------------------------------------------------------------------------------------------------------------------------------------------------------------------------------------------------------------------------------------------------------------------------------------------------------------------------------------------------------------------------------------------------------------------------------------
ÿ    | 0,000000000  | 0,000019499  | 0,000309637  | 0,000089693  | 0,000610694  | 0,000184066  | 0,000122451  | 0,000244902  | 0,000006240  | 0,000017939  | 0,000463285  | 0,000753424  | 0,000439107  | 0,000473425  | 0,000000000  | 0,000012479  | 0,000074094  | 0,000469525  | 0,001004565  | 0,000000780  | 0,000000000  | 0,000177827  | 0,000068635  | 0,000089693  | 0,000010919  | 0,000321336  | 0,000000000  | 0,000000000  | 0,000000000  | 0,000129470  | 0,000088133 | 0,010870049 |
----------------------------------------------------------------------------------------------------------------------------------------------------------------------------------------------------------------------------------------------------------------------------------------------------------------------------------------------------------------------------------------------------------------------------------------------------------------------------------------------
' ' | 0,001700273  | 0,005888560  | 0,014316611  | 0,003260937  | 0,006538252  | 0,003594752  | 0,001353979  | 0,005136697  | 0,009817907  | 0,000002340  | 0,008665153  | 0,002878765  | 0,005965774  | 0,016225129  | 0,011292777  | 0,016606521  | 0,003774138  | 0,014982682  | 0,008966210  | 0,004054138  | 0,000640332  | 0,001256486  | 0,000434428  | 0,005997752  | 0,000648912  | 0,000046797  | 0,000000780  | 0,000001560  | 0,003200881  | 0,000239442  | 0,001849242 | 0,000000000 |
--------------------------------------------------------------------------------------------------------------------------------------------------------------------------------------------------------------------------------------------------------------------------------------------------------------------------------------------------------------------------------------------------------------------------------------------------------------------------------------------------