     |      à       |      á       |      â       |      ã       |      ä       |      å       |      æ       |      ç       |      è       |      é       |      ê       |      ë       |      ì       |      í       |      î       |      ï       |      ð       |      ñ       |      ò       |      ó       |      ô       |      õ       |      ö       |      ÷       |      ø       |      ù       |      ü       |      û       |      ý       |      þ       |      ÿ       |
-------------------------------------------------------------------------------------------------------------------------------------------------------------------------------------------------------------------------------------------------------------------------------------------------------------------------------------------------------------------------------------------------------------------------------------------------------------------
à    | 0,000217099  | 0,001713595  | 0,004974714  | 0,001253420  | 0,002827849  | 0,002313863  | 0,001535463  | 0,004277029  | 0,001374030  | 0,000554808  | 0,005899702  | 0,009501313  | 0,004187963  | 0,006700370  | 0,001492785  | 0,003143292  | 0,002587556  | 0,006391421  | 0,006251328  | 0,001140232  | 0,000493575  | 0,001234865  | 0,000421209  | 0,001685762  | 0,000849839  | 0,000419353  | 0,000000000  | 0,000000000  | 0,000404509  | 0,001221876  | 0,002775894 |
-------------------------------------------------------------------------------------------------------------------------------------------------------------------------------------------------------------------------------------------------------------------------------------------------------------------------------------------------------------------------------------------------------------------------------------------------------------------
á    | 0,000898083  | 0,000005567  | 0,000052883  | 0,000007422  | 0,000020411  | 0,002067076  | 0,000022267  | 0,000010205  | 0,001664423  | 0,000000000  | 0,000134527  | 0,000899011  | 0,000043605  | 0,000361831  | 0,002707239  | 0,000036183  | 0,001477941  | 0,000221738  | 0,000016700  | 0,001015910  | 0,000000000  | 0,000048244  | 0,000001856  | 0,000003711  | 0,000040822  | 0,000241221  | 0,000038966  | 0,003828915  | 0,000092777  | 0,000006494  | 0,000619752 |
-------------------------------------------------------------------------------------------------------------------------------------------------------------------------------------------------------------------------------------------------------------------------------------------------------------------------------------------------------------------------------------------------------------------------------------------------------------------
â    | 0,006413688  | 0,000262559  | 0,000411931  | 0,000341420  | 0,000691190  | 0,005606527  | 0,000045461  | 0,000730157  | 0,003681399  | 0,000000000  | 0,000908289  | 0,001053021  | 0,000431414  | 0,002288813  | 0,007125289  | 0,001032610  | 0,001273831  | 0,003538522  | 0,000804378  | 0,000829428  | 0,000039894  | 0,000124321  | 0,000079788  | 0,000200399  | 0,001038177  | 0,000012061  | 0,000164216  | 0,002623739  | 0,000261632  | 0,000098344  | 0,000327504 |
-------------------------------------------------------------------------------------------------------------------------------------------------------------------------------------------------------------------------------------------------------------------------------------------------------------------------------------------------------------------------------------------------------------------------------------------------------------------
ã    | 0,001322075  | 0,000057522  | 0,000120610  | 0,000016700  | 0,001355475  | 0,000406364  | 0,000002783  | 0,000034328  | 0,000923133  | 0,000000000  | 0,000162360  | 0,001686690  | 0,000049172  | 0,000486153  | 0,007668964  | 0,000136382  | 0,001888944  | 0,000114116  | 0,000052883  | 0,000592846  | 0,000000928  | 0,000004639  | 0,000000000  | 0,000077933  | 0,000009278  | 0,000000928  | 0,000000000  | 0,000000000  | 0,000012989  | 0,000000928  | 0,000012061 |
-------------------------------------------------------------------------------------------------------------------------------------------------------------------------------------------------------------------------------------------------------------------------------------------------------------------------------------------------------------------------------------------------------------------------------------------------------------------
ä    | 0,005223357  | 0,000060305  | 0,001055805  | 0,000090922  | 0,000116899  | 0,005471072  | 0,000239365  | 0,000055666  | 0,003059792  | 0,000000000  | 0,000439764  | 0,000787678  | 0,000098344  | 0,002061510  | 0,004110030  | 0,000224521  | 0,001078071  | 0,000532541  | 0,000387809  | 0,001543813  | 0,000009278  | 0,000055666  | 0,000230087  | 0,000088138  | 0,000077933  | 0,000000000  | 0,000359976  | 0,000833139  | 0,000030616  | 0,000034328  | 0,000397086 |
-------------------------------------------------------------------------------------------------------------------------------------------------------------------------------------------------------------------------------------------------------------------------------------------------------------------------------------------------------------------------------------------------------------------------------------------------------------------
å    | 0,000396159  | 0,002544879  | 0,003684183  | 0,003899426  | 0,004739987  | 0,002308297  | 0,001136521  | 0,002267475  | 0,001464024  | 0,002899288  | 0,002907638  | 0,005930319  | 0,005762392  | 0,010815038  | 0,001885233  | 0,003588622  | 0,007629069  | 0,007344243  | 0,007206933  | 0,000803451  | 0,000156793  | 0,000693046  | 0,000334926  | 0,001892655  | 0,001465880  | 0,000932411  | 0,000000000  | 0,000000000  | 0,000398014  | 0,000123394  | 0,000339565 |
-------------------------------------------------------------------------------------------------------------------------------------------------------------------------------------------------------------------------------------------------------------------------------------------------------------------------------------------------------------------------------------------------------------------------------------------------------------------
æ    | 0,001228370  | 0,000031544  | 0,000016700  | 0,000013917  | 0,000867467  | 0,003988492  | 0,000010205  | 0,000007422  | 0,001524329  | 0,000000000  | 0,000108549  | 0,000015772  | 0,000010205  | 0,001438974  | 0,000117827  | 0,000016700  | 0,000007422  | 0,000019483  | 0,000023194  | 0,000304309  | 0,000000000  | 0,000004639  | 0,000000000  | 0,000037111  | 0,000000000  | 0,000000000  | 0,000068655  | 0,000000000  | 0,000008350  | 0,000000000  | 0,000007422 |
-------------------------------------------------------------------------------------------------------------------------------------------------------------------------------------------------------------------------------------------------------------------------------------------------------------------------------------------------------------------------------------------------------------------------------------------------------------------
ç    | 0,005627865  | 0,000244932  | 0,001215381  | 0,000488936  | 0,001186620  | 0,000547385  | 0,000103910  | 0,000171638  | 0,000627174  | 0,000000000  | 0,000329359  | 0,000297815  | 0,000680985  | 0,002214592  | 0,001284964  | 0,000205038  | 0,000479658  | 0,000170710  | 0,000124321  | 0,000523263  | 0,000011133  | 0,000006494  | 0,000048244  | 0,000051955  | 0,000021339  | 0,000000000  | 0,000173493  | 0,000462030  | 0,000047316  | 0,000013917  | 0,000181843 |
-------------------------------------------------------------------------------------------------------------------------------------------------------------------------------------------------------------------------------------------------------------------------------------------------------------------------------------------------------------------------------------------------------------------------------------------------------------------
è    | 0,000498214  | 0,001320220  | 0,004804004  | 0,001053949  | 0,002708167  | 0,003458734  | 0,000493575  | 0,003429973  | 0,002361180  | 0,001207031  | 0,003643361  | 0,006039796  | 0,003892931  | 0,005543438  | 0,002132948  | 0,002646934  | 0,002114392  | 0,005544365  | 0,005628793  | 0,000547385  | 0,000154938  | 0,002239642  | 0,001398152  | 0,001950177  | 0,001051166  | 0,000191121  | 0,000000000  | 0,000000000  | 0,000381314  | 0,000474092  | 0,002214592 |
-------------------------------------------------------------------------------------------------------------------------------------------------------------------------------------------------------------------------------------------------------------------------------------------------------------------------------------------------------------------------------------------------------------------------------------------------------------------
é    | 0,000148444  | 0,000272765  | 0,000705107  | 0,000197615  | 0,000531613  | 0,000115972  | 0,000106694  | 0,000296887  | 0,000560374  | 0,000000000  | 0,000602124  | 0,000198543  | 0,000478730  | 0,001077143  | 0,000532541  | 0,000907361  | 0,000317298  | 0,001666279  | 0,000713457  | 0,000190193  | 0,000069583  | 0,000072366  | 0,000049172  | 0,000362759  | 0,000166071  | 0,000005567  | 0,000000000  | 0,000000000  | 0,000196688  | 0,000010205  | 0,000083499 |
-------------------------------------------------------------------------------------------------------------------------------------------------------------------------------------------------------------------------------------------------------------------------------------------------------------------------------------------------------------------------------------------------------------------------------------------------------------------
ê    | 0,007760813  | 0,000247715  | 0,000563158  | 0,000121538  | 0,000163288  | 0,000822006  | 0,000107622  | 0,000148444  | 0,003244419  | 0,000000000  | 0,000241221  | 0,000841489  | 0,000244004  | 0,000799740  | 0,009874278  | 0,000375748  | 0,002135731  | 0,001246926  | 0,001447324  | 0,002299019  | 0,000012989  | 0,000023194  | 0,000118755  | 0,000240293  | 0,000033400  | 0,000000000  | 0,000000000  | 0,000000000  | 0,000113188  | 0,000015772  | 0,000057522 |
-------------------------------------------------------------------------------------------------------------------------------------------------------------------------------------------------------------------------------------------------------------------------------------------------------------------------------------------------------------------------------------------------------------------------------------------------------------------
ë    | 0,008393553  | 0,000198543  | 0,000455536  | 0,000308020  | 0,000185554  | 0,005171401  | 0,000394303  | 0,000179060  | 0,008715491  | 0,000000000  | 0,000777473  | 0,000294104  | 0,000193904  | 0,000974161  | 0,008032650  | 0,000466669  | 0,000096488  | 0,001771117  | 0,000274621  | 0,001439902  | 0,000022267  | 0,000036183  | 0,000012061  | 0,000476875  | 0,000025978  | 0,000007422  | 0,004913480  | 0,000732940  | 0,000091849  | 0,000989933  | 0,002050376 |
-------------------------------------------------------------------------------------------------------------------------------------------------------------------------------------------------------------------------------------------------------------------------------------------------------------------------------------------------------------------------------------------------------------------------------------------------------------------
ì    | 0,003144219  | 0,000380387  | 0,000732012  | 0,000242148  | 0,000469453  | 0,004625871  | 0,000091849  | 0,000235654  | 0,003869737  | 0,000000000  | 0,000677274  | 0,000385025  | 0,000423992  | 0,002322213  | 0,005156557  | 0,001216309  | 0,000247715  | 0,001041888  | 0,000524191  | 0,002607967  | 0,000064944  | 0,000087211  | 0,000025978  | 0,000471308  | 0,000035255  | 0,000005567  | 0,000052883  | 0,001433408  | 0,000115044  | 0,000014844  | 0,000631813 |
-------------------------------------------------------------------------------------------------------------------------------------------------------------------------------------------------------------------------------------------------------------------------------------------------------------------------------------------------------------------------------------------------------------------------------------------------------------------
í    | 0,012463690  | 0,000156793  | 0,000323792  | 0,000114116  | 0,000377603  | 0,011612922  | 0,000038039  | 0,000181843  | 0,010213843  | 0,000000000  | 0,000488936  | 0,000035255  | 0,000077933  | 0,003799226  | 0,012084231  | 0,000433270  | 0,000288537  | 0,000862828  | 0,002189542  | 0,002997631  | 0,000082572  | 0,000032472  | 0,000276476  | 0,000264415  | 0,000020411  | 0,000078861  | 0,000788606  | 0,004648138  | 0,000032472  | 0,000167927  | 0,001526185 |
-------------------------------------------------------------------------------------------------------------------------------------------------------------------------------------------------------------------------------------------------------------------------------------------------------------------------------------------------------------------------------------------------------------------------------------------------------------------
î    | 0,000188338  | 0,005543438  | 0,010049626  | 0,006242978  | 0,006231845  | 0,002977220  | 0,002665489  | 0,002794449  | 0,002279536  | 0,004255690  | 0,003644289  | 0,008105016  | 0,007694941  | 0,010699995  | 0,002292525  | 0,004735348  | 0,006151129  | 0,010114570  | 0,010314042  | 0,000719023  | 0,000212460  | 0,000814584  | 0,000202254  | 0,003252769  | 0,000886950  | 0,000401725  | 0,000000000  | 0,000000000  | 0,000590063  | 0,000149371  | 0,001142087 |
-------------------------------------------------------------------------------------------------------------------------------------------------------------------------------------------------------------------------------------------------------------------------------------------------------------------------------------------------------------------------------------------------------------------------------------------------------------------
ï    | 0,001618962  | 0,000004639  | 0,000004639  | 0,000000000  | 0,000005567  | 0,002781461  | 0,000000000  | 0,000001856  | 0,001120749  | 0,000000000  | 0,000160505  | 0,001001066  | 0,000004639  | 0,000191121  | 0,011234391  | 0,000112260  | 0,008224699  | 0,000236582  | 0,000152155  | 0,000972305  | 0,000001856  | 0,000000928  | 0,000000000  | 0,000014844  | 0,000005567  | 0,000000928  | 0,000052883  | 0,000595630  | 0,000000928  | 0,000006494  | 0,000188338 |
-------------------------------------------------------------------------------------------------------------------------------------------------------------------------------------------------------------------------------------------------------------------------------------------------------------------------------------------------------------------------------------------------------------------------------------------------------------------
ð    | 0,008898261  | 0,000077933  | 0,000500997  | 0,000242148  | 0,000204110  | 0,008233049  | 0,000394303  | 0,000063088  | 0,005575910  | 0,000000000  | 0,000392448  | 0,000151227  | 0,000385025  | 0,001318364  | 0,009416886  | 0,000193904  | 0,000144732  | 0,000326576  | 0,000713457  | 0,002739711  | 0,000012061  | 0,000251426  | 0,000051955  | 0,000120610  | 0,000188338  | 0,000036183  | 0,000616041  | 0,001665351  | 0,000029689  | 0,000134527  | 0,001217237 |
-------------------------------------------------------------------------------------------------------------------------------------------------------------------------------------------------------------------------------------------------------------------------------------------------------------------------------------------------------------------------------------------------------------------------------------------------------------------
ñ    | 0,001788744  | 0,000203182  | 0,001800805  | 0,000150299  | 0,000425847  | 0,003843759  | 0,000043605  | 0,000088138  | 0,001983577  | 0,000000000  | 0,003687894  | 0,003874376  | 0,001155076  | 0,001696895  | 0,003219369  | 0,002759194  | 0,000427703  | 0,000996427  | 0,013236524  | 0,000925916  | 0,000077933  | 0,000240293  | 0,000083499  | 0,000497286  | 0,000107622  | 0,000002783  | 0,004034881  | 0,000463886  | 0,000127105  | 0,000209676  | 0,004765965 |
-------------------------------------------------------------------------------------------------------------------------------------------------------------------------------------------------------------------------------------------------------------------------------------------------------------------------------------------------------------------------------------------------------------------------------------------------------------------
ò    | 0,006437810  | 0,000748712  | 0,003410490  | 0,000136382  | 0,000425847  | 0,005925680  | 0,000100199  | 0,000160505  | 0,004752976  | 0,000000000  | 0,001177343  | 0,000423064  | 0,000334926  | 0,002134803  | 0,018185260  | 0,000764484  | 0,005014608  | 0,002071715  | 0,000486153  | 0,001755345  | 0,000041750  | 0,000047316  | 0,000078861  | 0,000483369  | 0,000033400  | 0,000032472  | 0,007216211  | 0,002195109  | 0,000153082  | 0,000055666  | 0,000689335 |
-------------------------------------------------------------------------------------------------------------------------------------------------------------------------------------------------------------------------------------------------------------------------------------------------------------------------------------------------------------------------------------------------------------------------------------------------------------------
ó    | 0,000210604  | 0,000745929  | 0,001340631  | 0,001280325  | 0,002091198  | 0,000355337  | 0,001571646  | 0,000460175  | 0,000998283  | 0,000113188  | 0,001243214  | 0,001710812  | 0,001281253  | 0,001267337  | 0,000427703  | 0,001310942  | 0,001044671  | 0,001925127  | 0,002218303  | 0,000130816  | 0,000035255  | 0,000463886  | 0,000019483  | 0,001520618  | 0,000790462  | 0,000585424  | 0,000000000  | 0,000000000  | 0,000108549  | 0,001284036  | 0,000199471 |
-------------------------------------------------------------------------------------------------------------------------------------------------------------------------------------------------------------------------------------------------------------------------------------------------------------------------------------------------------------------------------------------------------------------------------------------------------------------
ô    | 0,000237510  | 0,000004639  | 0,000007422  | 0,000000928  | 0,000004639  | 0,000168855  | 0,000000000  | 0,000005567  | 0,000371109  | 0,000000000  | 0,000008350  | 0,000050100  | 0,000003711  | 0,000021339  | 0,000512130  | 0,000021339  | 0,000089066  | 0,000020411  | 0,000017628  | 0,000107622  | 0,000024122  | 0,000000928  | 0,000000000  | 0,000000000  | 0,000001856  | 0,000000000  | 0,000000928  | 0,000020411  | 0,000000928  | 0,000000000  | 0,000001856 |
-------------------------------------------------------------------------------------------------------------------------------------------------------------------------------------------------------------------------------------------------------------------------------------------------------------------------------------------------------------------------------------------------------------------------------------------------------------------
õ    | 0,000372964  | 0,000130816  | 0,000548313  | 0,000077005  | 0,000218026  | 0,000140094  | 0,000034328  | 0,000127105  | 0,000464814  | 0,000000000  | 0,000280187  | 0,000235654  | 0,000224521  | 0,000559447  | 0,002834344  | 0,000521408  | 0,000280187  | 0,000516769  | 0,000211532  | 0,000244004  | 0,000037111  | 0,000024122  | 0,000018555  | 0,000103910  | 0,000041750  | 0,000000928  | 0,000000000  | 0,000009278  | 0,000066800  | 0,000005567  | 0,000042678 |
-------------------------------------------------------------------------------------------------------------------------------------------------------------------------------------------------------------------------------------------------------------------------------------------------------------------------------------------------------------------------------------------------------------------------------------------------------------------
ö    | 0,000653151  | 0,000009278  | 0,000111333  | 0,000006494  | 0,000013917  | 0,000983438  | 0,000000000  | 0,000007422  | 0,001140232  | 0,000000000  | 0,000034328  | 0,000003711  | 0,000012989  | 0,000019483  | 0,000225449  | 0,000021339  | 0,000010205  | 0,000027833  | 0,000012061  | 0,000176277  | 0,000000000  | 0,000002783  | 0,000000928  | 0,000003711  | 0,000000000  | 0,000000000  | 0,000000000  | 0,000240293  | 0,000001856  | 0,000000928  | 0,000004639 |
-------------------------------------------------------------------------------------------------------------------------------------------------------------------------------------------------------------------------------------------------------------------------------------------------------------------------------------------------------------------------------------------------------------------------------------------------------------------
÷    | 0,002016049  | 0,000000000  | 0,000022267  | 0,000000000  | 0,000001856  | 0,004291873  | 0,000000000  | 0,000001856  | 0,001691328  | 0,000000000  | 0,000411931  | 0,000087211  | 0,000000928  | 0,001110543  | 0,000087211  | 0,000003711  | 0,000022267  | 0,000006494  | 0,004696382  | 0,000742218  | 0,000003711  | 0,000000928  | 0,000000928  | 0,000000928  | 0,000114116  | 0,000000000  | 0,000301526  | 0,000000000  | 0,000000000  | 0,000000000  | 0,000000000 |
-------------------------------------------------------------------------------------------------------------------------------------------------------------------------------------------------------------------------------------------------------------------------------------------------------------------------------------------------------------------------------------------------------------------------------------------------------------------
ø    | 0,000775617  | 0,000006494  | 0,000041750  | 0,000000928  | 0,000006494  | 0,002190470  | 0,000000000  | 0,000001856  | 0,001653290  | 0,000000000  | 0,000732012  | 0,000617896  | 0,000030616  | 0,000419353  | 0,000179060  | 0,000031544  | 0,000012061  | 0,000003711  | 0,000096488  | 0,000193904  | 0,000000928  | 0,000000000  | 0,000007422  | 0,000000928  | 0,000000000  | 0,000000000  | 0,001393514  | 0,000000000  | 0,000000928  | 0,000000928  | 0,000000000 |
-------------------------------------------------------------------------------------------------------------------------------------------------------------------------------------------------------------------------------------------------------------------------------------------------------------------------------------------------------------------------------------------------------------------------------------------------------------------
ù    | 0,000517697  | 0,000000000  | 0,000001856  | 0,000000000  | 0,000000928  | 0,002093981  | 0,000000000  | 0,000000000  | 0,001207031  | 0,000000000  | 0,000000000  | 0,000000000  | 0,000000928  | 0,000083499  | 0,000005567  | 0,000000928  | 0,000016700  | 0,000000000  | 0,000000000  | 0,000314515  | 0,000000000  | 0,000000000  | 0,000000000  | 0,000000000  | 0,000000000  | 0,000000000  | 0,000042678  | 0,000000000  | 0,000000000  | 0,000000000  | 0,000000000 |
-------------------------------------------------------------------------------------------------------------------------------------------------------------------------------------------------------------------------------------------------------------------------------------------------------------------------------------------------------------------------------------------------------------------------------------------------------------------
ü    | 0,000139166  | 0,000397086  | 0,001464024  | 0,000234726  | 0,000578002  | 0,000799740  | 0,000080716  | 0,000571508  | 0,001017766  | 0,000000000  | 0,001790600  | 0,000292248  | 0,000611402  | 0,002981859  | 0,001000138  | 0,001263625  | 0,000275548  | 0,002769399  | 0,000712529  | 0,000323792  | 0,000040822  | 0,000103910  | 0,000110405  | 0,000670779  | 0,000801595  | 0,000011133  | 0,000000000  | 0,000000000  | 0,000288537  | 0,000513986  | 0,000373892 |
-------------------------------------------------------------------------------------------------------------------------------------------------------------------------------------------------------------------------------------------------------------------------------------------------------------------------------------------------------------------------------------------------------------------------------------------------------------------
û    | 0,000066800  | 0,000447186  | 0,001923271  | 0,000281115  | 0,000461103  | 0,001725656  | 0,000104838  | 0,000313587  | 0,000565013  | 0,001569790  | 0,000443475  | 0,001992854  | 0,001918633  | 0,000828500  | 0,000449042  | 0,000884167  | 0,000428631  | 0,001360114  | 0,001303520  | 0,000169782  | 0,000005567  | 0,001414852  | 0,000012061  | 0,000283898  | 0,000506564  | 0,000017628  | 0,000000000  | 0,000000928  | 0,000102055  | 0,000004639  | 0,000167927 |
-------------------------------------------------------------------------------------------------------------------------------------------------------------------------------------------------------------------------------------------------------------------------------------------------------------------------------------------------------------------------------------------------------------------------------------------------------------------
ý    | 0,000000000  | 0,000000928  | 0,000026905  | 0,000004639  | 0,000030616  | 0,000000000  | 0,000000000  | 0,000002783  | 0,000000000  | 0,000004639  | 0,000453681  | 0,000045461  | 0,000030616  | 0,000043605  | 0,000000000  | 0,000021339  | 0,000019483  | 0,000007422  | 0,003172053  | 0,000000928  | 0,000027833  | 0,000016700  | 0,000000000  | 0,000000000  | 0,000000928  | 0,000000000  | 0,000000000  | 0,000000000  | 0,000000000  | 0,000000000  | 0,000000000 |
-------------------------------------------------------------------------------------------------------------------------------------------------------------------------------------------------------------------------------------------------------------------------------------------------------------------------------------------------------------------------------------------------------------------------------------------------------------------
þ    | 0,000045461  | 0,000302454  | 0,000212460  | 0,000071438  | 0,000563158  | 0,000060305  | 0,000310804  | 0,000169782  | 0,000182771  | 0,000009278  | 0,000262559  | 0,000056594  | 0,000145660  | 0,000256993  | 0,000184627  | 0,000273693  | 0,000128960  | 0,000371109  | 0,000643874  | 0,000049172  | 0,000024122  | 0,000033400  | 0,000024122  | 0,000280187  | 0,000028761  | 0,000917567  | 0,000000000  | 0,000000000  | 0,000063088  | 0,000034328  | 0,000034328 |
-------------------------------------------------------------------------------------------------------------------------------------------------------------------------------------------------------------------------------------------------------------------------------------------------------------------------------------------------------------------------------------------------------------------------------------------------------------------
ÿ    | 0,000141949  | 0,000465742  | 0,001857400  | 0,000318226  | 0,001248781  | 0,000462958  | 0,000243076  | 0,000746857  | 0,000836850  | 0,000021339  | 0,001257131  | 0,001068793  | 0,000921278  | 0,002141298  | 0,000892517  | 0,001347125  | 0,000382242  | 0,001697823  | 0,001840700  | 0,000333998  | 0,000038966  | 0,000293176  | 0,000116899  | 0,000578930  | 0,000054739  | 0,000385025  | 0,000000000  | 0,000000000  | 0,000190193  | 0,000168855  | 0,000231015 |
----------------------------------------------------------------------------------------------------------------------------------------------------------------------------------------------------------------------------------------------------------------------------------------------------------------------------------------------------------------------------------------------------------------------------------------------------------------------------------------------
--------------------------------------------------------------------------------------------------------------------------------------------------------------------------------------------------------------------------------------------------------------------------------------------------------------------------------------------------------------------------------------------------------------------------------------------------------------------------------------------------