     |      à       |      á       |      â       |      ã       |      ä       |      å       |      æ       |      ç       |      è       |      é       |      ê       |      ë       |      ì       |      í       |      î       |      ï       |      ð       |      ñ       |      ò       |      ó       |      ô       |      õ       |      ö       |      ÷       |      ø       |      ù       |      ü       |      û       |      ý       |      þ       |      ÿ       |
-------------------------------------------------------------------------------------------------------------------------------------------------------------------------------------------------------------------------------------------------------------------------------------------------------------------------------------------------------------------------------------------------------------------------------------------------------------------
à    | 0,000192976  | 0,001725654  | 0,004976565  | 0,001219091  | 0,002874235  | 0,002284173  | 0,001490001  | 0,004243625  | 0,001426912  | 0,000547385  | 0,005848669  | 0,009489244  | 0,004163837  | 0,006566764  | 0,001497423  | 0,003017112  | 0,002577348  | 0,006442443  | 0,006204933  | 0,001133736  | 0,000512130  | 0,001293313  | 0,000408219  | 0,001692255  | 0,000794172  | 0,000423064  | 0,000000000  | 0,000000000  | 0,000421208  | 0,001215380  | 0,002779602 |
-------------------------------------------------------------------------------------------------------------------------------------------------------------------------------------------------------------------------------------------------------------------------------------------------------------------------------------------------------------------------------------------------------------------------------------------------------------------
á    | 0,000907360  | 0,000007422  | 0,000044533  | 0,000011133  | 0,000024122  | 0,002037385  | 0,000022267  | 0,000009278  | 0,001720088  | 0,000000000  | 0,000137310  | 0,000864683  | 0,000037111  | 0,000337709  | 0,002673836  | 0,000038966  | 0,001447323  | 0,000230087  | 0,000016700  | 0,001007559  | 0,000000000  | 0,000057522  | 0,000000000  | 0,000003711  | 0,000048244  | 0,000228232  | 0,000031544  | 0,003972716  | 0,000098344  | 0,000005567  | 0,000597485 |
-------------------------------------------------------------------------------------------------------------------------------------------------------------------------------------------------------------------------------------------------------------------------------------------------------------------------------------------------------------------------------------------------------------------------------------------------------------------
â    | 0,006522231  | 0,000257920  | 0,000432341  | 0,000341420  | 0,000716239  | 0,005518383  | 0,000042677  | 0,000725517  | 0,003642430  | 0,000000000  | 0,000935193  | 0,001070648  | 0,000426775  | 0,002211806  | 0,007117860  | 0,001059515  | 0,001274758  | 0,003519964  | 0,000829427  | 0,000864683  | 0,000048244  | 0,000118755  | 0,000077933  | 0,000200399  | 0,001011271  | 0,000011133  | 0,000161432  | 0,002577348  | 0,000257920  | 0,000085355  | 0,000319153 |
-------------------------------------------------------------------------------------------------------------------------------------------------------------------------------------------------------------------------------------------------------------------------------------------------------------------------------------------------------------------------------------------------------------------------------------------------------------------
ã    | 0,001365679  | 0,000057522  | 0,000122466  | 0,000024122  | 0,001321146  | 0,000406364  | 0,000001856  | 0,000029689  | 0,000911071  | 0,000000000  | 0,000157721  | 0,001690399  | 0,000050100  | 0,000475019  | 0,007542780  | 0,000120610  | 0,001916775  | 0,000098344  | 0,000050100  | 0,000586351  | 0,000001856  | 0,000005567  | 0,000000000  | 0,000076077  | 0,000009278  | 0,000000000  | 0,000000000  | 0,000000000  | 0,000016700  | 0,000001856  | 0,000007422 |
-------------------------------------------------------------------------------------------------------------------------------------------------------------------------------------------------------------------------------------------------------------------------------------------------------------------------------------------------------------------------------------------------------------------------------------------------------------------
ä    | 0,005253040  | 0,000063088  | 0,001081781  | 0,000089066  | 0,000098344  | 0,005290151  | 0,000257920  | 0,000048244  | 0,002991134  | 0,000000000  | 0,000411930  | 0,000773761  | 0,000085355  | 0,002085630  | 0,004063637  | 0,000213387  | 0,001135592  | 0,000591918  | 0,000402653  | 0,001499278  | 0,000007422  | 0,000055666  | 0,000205965  | 0,000102055  | 0,000083499  | 0,000000000  | 0,000361831  | 0,000764483  | 0,000022267  | 0,000037111  | 0,000395231 |
-------------------------------------------------------------------------------------------------------------------------------------------------------------------------------------------------------------------------------------------------------------------------------------------------------------------------------------------------------------------------------------------------------------------------------------------------------------------
å    | 0,000387808  | 0,002512404  | 0,003686963  | 0,003957872  | 0,004720500  | 0,002191395  | 0,001146725  | 0,002245206  | 0,001504845  | 0,002942890  | 0,002944746  | 0,005960002  | 0,005895058  | 0,011060888  | 0,001959453  | 0,003583052  | 0,007798844  | 0,007344237  | 0,007373925  | 0,000786750  | 0,000150299  | 0,000671706  | 0,000317298  | 0,001868531  | 0,001497423  | 0,000924060  | 0,000000000  | 0,000000000  | 0,000369253  | 0,000115044  | 0,000356264 |
-------------------------------------------------------------------------------------------------------------------------------------------------------------------------------------------------------------------------------------------------------------------------------------------------------------------------------------------------------------------------------------------------------------------------------------------------------------------
æ    | 0,001233936  | 0,000035255  | 0,000024122  | 0,000016700  | 0,000922205  | 0,003913339  | 0,000009278  | 0,000007422  | 0,001525256  | 0,000000000  | 0,000126177  | 0,000012989  | 0,000009278  | 0,001389801  | 0,000105766  | 0,000020411  | 0,000007422  | 0,000022267  | 0,000018555  | 0,000302453  | 0,000000000  | 0,000005567  | 0,000000000  | 0,000040822  | 0,000000000  | 0,000000000  | 0,000079788  | 0,000000000  | 0,000005567  | 0,000000000  | 0,000011133 |
-------------------------------------------------------------------------------------------------------------------------------------------------------------------------------------------------------------------------------------------------------------------------------------------------------------------------------------------------------------------------------------------------------------------------------------------------------------------
ç    | 0,005722492  | 0,000246787  | 0,001230225  | 0,000502852  | 0,001224658  | 0,000573363  | 0,000092777  | 0,000154010  | 0,000580785  | 0,000000000  | 0,000358120  | 0,000321009  | 0,000699539  | 0,002228506  | 0,001326713  | 0,000198543  | 0,000482441  | 0,000168854  | 0,000135455  | 0,000558518  | 0,000012989  | 0,000005567  | 0,000050100  | 0,000051955  | 0,000020411  | 0,000000000  | 0,000172565  | 0,000526974  | 0,000059377  | 0,000009278  | 0,000191121 |
-------------------------------------------------------------------------------------------------------------------------------------------------------------------------------------------------------------------------------------------------------------------------------------------------------------------------------------------------------------------------------------------------------------------------------------------------------------------
è    | 0,000513985  | 0,001258058  | 0,004783588  | 0,001022404  | 0,002738781  | 0,003480997  | 0,000528830  | 0,003339976  | 0,002363961  | 0,001194969  | 0,003614596  | 0,005935880  | 0,003848395  | 0,005516527  | 0,002061507  | 0,002675692  | 0,002178407  | 0,005481272  | 0,005796714  | 0,000515841  | 0,000155866  | 0,002284173  | 0,001350835  | 0,001888942  | 0,001117036  | 0,000187410  | 0,000000000  | 0,000000000  | 0,000367397  | 0,000408219  | 0,002235929 |
-------------------------------------------------------------------------------------------------------------------------------------------------------------------------------------------------------------------------------------------------------------------------------------------------------------------------------------------------------------------------------------------------------------------------------------------------------------------
é    | 0,000155866  | 0,000276476  | 0,000731084  | 0,000211532  | 0,000489863  | 0,000111333  | 0,000107621  | 0,000317298  | 0,000591918  | 0,000000000  | 0,000573363  | 0,000202254  | 0,000484297  | 0,001044670  | 0,000562229  | 0,000929627  | 0,000319153  | 0,001682977  | 0,000708817  | 0,000174421  | 0,000063088  | 0,000072366  | 0,000057522  | 0,000358120  | 0,000146588  | 0,000009278  | 0,000000000  | 0,000000000  | 0,000200399  | 0,000014844  | 0,000070511 |
-------------------------------------------------------------------------------------------------------------------------------------------------------------------------------------------------------------------------------------------------------------------------------------------------------------------------------------------------------------------------------------------------------------------------------------------------------------------
ê    | 0,007759878  | 0,000244932  | 0,000567796  | 0,000116899  | 0,000178132  | 0,000838705  | 0,000103910  | 0,000142877  | 0,003236066  | 0,000000000  | 0,000243076  | 0,000831283  | 0,000256065  | 0,000803450  | 0,009826952  | 0,000378531  | 0,002143151  | 0,001237647  | 0,001441756  | 0,002219229  | 0,000012989  | 0,000018555  | 0,000128032  | 0,000233798  | 0,000038966  | 0,000000000  | 0,000000000  | 0,000000000  | 0,000105766  | 0,000014844  | 0,000051955 |
-------------------------------------------------------------------------------------------------------------------------------------------------------------------------------------------------------------------------------------------------------------------------------------------------------------------------------------------------------------------------------------------------------------------------------------------------------------------
ë    | 0,008362929  | 0,000196687  | 0,000454608  | 0,000276476  | 0,000176277  | 0,005175108  | 0,000398942  | 0,000165143  | 0,008771149  | 0,000000000  | 0,000731084  | 0,000308020  | 0,000194832  | 0,000966738  | 0,008151397  | 0,000460174  | 0,000094633  | 0,001799876  | 0,000291320  | 0,001510412  | 0,000016700  | 0,000035255  | 0,000012989  | 0,000486152  | 0,000029689  | 0,000009278  | 0,004928320  | 0,000701395  | 0,000098344  | 0,001039104  | 0,002050374 |
-------------------------------------------------------------------------------------------------------------------------------------------------------------------------------------------------------------------------------------------------------------------------------------------------------------------------------------------------------------------------------------------------------------------------------------------------------------------
ì    | 0,003095045  | 0,000356264  | 0,000753350  | 0,000237509  | 0,000499141  | 0,004568345  | 0,000100199  | 0,000239365  | 0,004030238  | 0,000000000  | 0,000643873  | 0,000387808  | 0,000385953  | 0,002343550  | 0,005152841  | 0,001220947  | 0,000256065  | 0,001061370  | 0,000510274  | 0,002620026  | 0,000063088  | 0,000094633  | 0,000027833  | 0,000495430  | 0,000035255  | 0,000007422  | 0,000059377  | 0,001469590  | 0,000111333  | 0,000012989  | 0,000642018 |
-------------------------------------------------------------------------------------------------------------------------------------------------------------------------------------------------------------------------------------------------------------------------------------------------------------------------------------------------------------------------------------------------------------------------------------------------------------------
í    | 0,012472956  | 0,000161432  | 0,000350697  | 0,000098344  | 0,000385953  | 0,011639817  | 0,000027833  | 0,000183699  | 0,010222183  | 0,000000000  | 0,000528830  | 0,000037111  | 0,000085355  | 0,003805717  | 0,012124114  | 0,000432341  | 0,000283898  | 0,000831283  | 0,002289739  | 0,002954023  | 0,000089066  | 0,000031544  | 0,000250498  | 0,000256065  | 0,000018555  | 0,000068655  | 0,000736650  | 0,004846677  | 0,000037111  | 0,000163288  | 0,001502989 |
-------------------------------------------------------------------------------------------------------------------------------------------------------------------------------------------------------------------------------------------------------------------------------------------------------------------------------------------------------------------------------------------------------------------------------------------------------------------
î    | 0,000228232  | 0,005607449  | 0,010018073  | 0,006420176  | 0,006284722  | 0,002948457  | 0,002686825  | 0,002660848  | 0,002200673  | 0,004247336  | 0,003690674  | 0,007932443  | 0,007687512  | 0,010411448  | 0,002267473  | 0,004742766  | 0,006178956  | 0,010071884  | 0,010303826  | 0,000725517  | 0,000198543  | 0,000838705  | 0,000204110  | 0,003262043  | 0,000886949  | 0,000421208  | 0,000000000  | 0,000000000  | 0,000590062  | 0,000144732  | 0,001126314 |
-------------------------------------------------------------------------------------------------------------------------------------------------------------------------------------------------------------------------------------------------------------------------------------------------------------------------------------------------------------------------------------------------------------------------------------------------------------------
ï    | 0,001579067  | 0,000000000  | 0,000005567  | 0,000000000  | 0,000009278  | 0,002785169  | 0,000000000  | 0,000001856  | 0,001200536  | 0,000000000  | 0,000165143  | 0,001048381  | 0,000007422  | 0,000209676  | 0,011406018  | 0,000098344  | 0,008156964  | 0,000222665  | 0,000157721  | 0,000948182  | 0,000000000  | 0,000000000  | 0,000000000  | 0,000016700  | 0,000003711  | 0,000000000  | 0,000050100  | 0,000584496  | 0,000001856  | 0,000007422  | 0,000174421 |
-------------------------------------------------------------------------------------------------------------------------------------------------------------------------------------------------------------------------------------------------------------------------------------------------------------------------------------------------------------------------------------------------------------------------------------------------------------------
ð    | 0,008908459  | 0,000072366  | 0,000526974  | 0,000231943  | 0,000222665  | 0,008125420  | 0,000348842  | 0,000050100  | 0,005531372  | 0,000000000  | 0,000378531  | 0,000152154  | 0,000372964  | 0,001328568  | 0,009479966  | 0,000202254  | 0,000135455  | 0,000335853  | 0,000690262  | 0,002727647  | 0,000007422  | 0,000239365  | 0,000048244  | 0,000116899  | 0,000178132  | 0,000040822  | 0,000580785  | 0,001653288  | 0,000027833  | 0,000129888  | 0,001206103 |
-------------------------------------------------------------------------------------------------------------------------------------------------------------------------------------------------------------------------------------------------------------------------------------------------------------------------------------------------------------------------------------------------------------------------------------------------------------------
ñ    | 0,001803587  | 0,000196687  | 0,001762765  | 0,000159577  | 0,000426775  | 0,003894783  | 0,000048244  | 0,000090922  | 0,002048519  | 0,000000000  | 0,003740773  | 0,003866950  | 0,001122603  | 0,001651433  | 0,003252766  | 0,002660848  | 0,000436052  | 0,000970449  | 0,013191050  | 0,000957460  | 0,000064944  | 0,000231943  | 0,000094633  | 0,000476874  | 0,000109477  | 0,000003711  | 0,003939316  | 0,000471308  | 0,000129888  | 0,000185554  | 0,004703800 |
-------------------------------------------------------------------------------------------------------------------------------------------------------------------------------------------------------------------------------------------------------------------------------------------------------------------------------------------------------------------------------------------------------------------------------------------------------------------
ò    | 0,006435021  | 0,000716239  | 0,003393787  | 0,000111333  | 0,000460174  | 0,005805992  | 0,000103910  | 0,000168854  | 0,004688955  | 0,000000000  | 0,001215380  | 0,000398942  | 0,000339564  | 0,002052230  | 0,018301213  | 0,000822005  | 0,004932032  | 0,002081919  | 0,000465741  | 0,001794309  | 0,000035255  | 0,000044533  | 0,000083499  | 0,000463886  | 0,000042677  | 0,000031544  | 0,007169816  | 0,002176551  | 0,000165143  | 0,000063088  | 0,000662429 |
-------------------------------------------------------------------------------------------------------------------------------------------------------------------------------------------------------------------------------------------------------------------------------------------------------------------------------------------------------------------------------------------------------------------------------------------------------------------
ó    | 0,000213387  | 0,000749639  | 0,001363824  | 0,001291457  | 0,002078207  | 0,000313587  | 0,001590200  | 0,000443475  | 0,000937049  | 0,000120610  | 0,001289602  | 0,001755343  | 0,001276613  | 0,001332279  | 0,000449041  | 0,001317435  | 0,001074359  | 0,002018830  | 0,002170984  | 0,000139166  | 0,000031544  | 0,000504708  | 0,000014844  | 0,001443612  | 0,000790461  | 0,000571507  | 0,000000000  | 0,000000000  | 0,000102055  | 0,001265480  | 0,000183699 |
-------------------------------------------------------------------------------------------------------------------------------------------------------------------------------------------------------------------------------------------------------------------------------------------------------------------------------------------------------------------------------------------------------------------------------------------------------------------
ô    | 0,000224521  | 0,000007422  | 0,000011133  | 0,000001856  | 0,000001856  | 0,000170710  | 0,000000000  | 0,000009278  | 0,000363686  | 0,000000000  | 0,000012989  | 0,000046389  | 0,000003711  | 0,000020411  | 0,000541818  | 0,000024122  | 0,000090922  | 0,000024122  | 0,000020411  | 0,000098344  | 0,000024122  | 0,000001856  | 0,000000000  | 0,000000000  | 0,000000000  | 0,000000000  | 0,000001856  | 0,000027833  | 0,000001856  | 0,000000000  | 0,000000000 |
-------------------------------------------------------------------------------------------------------------------------------------------------------------------------------------------------------------------------------------------------------------------------------------------------------------------------------------------------------------------------------------------------------------------------------------------------------------------
õ    | 0,000363686  | 0,000139166  | 0,000510274  | 0,000077933  | 0,000243076  | 0,000124321  | 0,000044533  | 0,000118755  | 0,000475019  | 0,000000000  | 0,000285754  | 0,000256065  | 0,000194832  | 0,000560374  | 0,002803724  | 0,000486152  | 0,000291320  | 0,000512130  | 0,000196687  | 0,000241221  | 0,000035255  | 0,000014844  | 0,000016700  | 0,000096488  | 0,000048244  | 0,000001856  | 0,000000000  | 0,000009278  | 0,000059377  | 0,000003711  | 0,000037111 |
-------------------------------------------------------------------------------------------------------------------------------------------------------------------------------------------------------------------------------------------------------------------------------------------------------------------------------------------------------------------------------------------------------------------------------------------------------------------
ö    | 0,000699539  | 0,000012989  | 0,000115044  | 0,000007422  | 0,000016700  | 0,000983437  | 0,000000000  | 0,000005567  | 0,001178269  | 0,000000000  | 0,000037111  | 0,000003711  | 0,000014844  | 0,000020411  | 0,000211532  | 0,000029689  | 0,000016700  | 0,000033400  | 0,000012989  | 0,000172565  | 0,000000000  | 0,000001856  | 0,000000000  | 0,000003711  | 0,000000000  | 0,000000000  | 0,000000000  | 0,000237509  | 0,000001856  | 0,000000000  | 0,000007422 |
-------------------------------------------------------------------------------------------------------------------------------------------------------------------------------------------------------------------------------------------------------------------------------------------------------------------------------------------------------------------------------------------------------------------------------------------------------------------
÷    | 0,002080063  | 0,000000000  | 0,000024122  | 0,000000000  | 0,000001856  | 0,004345680  | 0,000000000  | 0,000003711  | 0,001707099  | 0,000000000  | 0,000408219  | 0,000074222  | 0,000000000  | 0,001126314  | 0,000077933  | 0,000001856  | 0,000018555  | 0,000003711  | 0,004729778  | 0,000727373  | 0,000005567  | 0,000001856  | 0,000000000  | 0,000001856  | 0,000116899  | 0,000000000  | 0,000306164  | 0,000000000  | 0,000000000  | 0,000000000  | 0,000000000 |
-------------------------------------------------------------------------------------------------------------------------------------------------------------------------------------------------------------------------------------------------------------------------------------------------------------------------------------------------------------------------------------------------------------------------------------------------------------------
ø    | 0,000799739  | 0,000009278  | 0,000031544  | 0,000001856  | 0,000009278  | 0,002169129  | 0,000000000  | 0,000000000  | 0,001694110  | 0,000000000  | 0,000745928  | 0,000601196  | 0,000038966  | 0,000443475  | 0,000191121  | 0,000035255  | 0,000012989  | 0,000005567  | 0,000089066  | 0,000174421  | 0,000000000  | 0,000000000  | 0,000005567  | 0,000001856  | 0,000000000  | 0,000000000  | 0,001311868  | 0,000000000  | 0,000000000  | 0,000000000  | 0,000000000 |
-------------------------------------------------------------------------------------------------------------------------------------------------------------------------------------------------------------------------------------------------------------------------------------------------------------------------------------------------------------------------------------------------------------------------------------------------------------------
ù    | 0,000534396  | 0,000000000  | 0,000003711  | 0,000000000  | 0,000001856  | 0,002119029  | 0,000000000  | 0,000000000  | 0,001220947  | 0,000000000  | 0,000000000  | 0,000000000  | 0,000000000  | 0,000089066  | 0,000001856  | 0,000001856  | 0,000020411  | 0,000000000  | 0,000000000  | 0,000300598  | 0,000000000  | 0,000000000  | 0,000000000  | 0,000000000  | 0,000000000  | 0,000000000  | 0,000046389  | 0,000000000  | 0,000000000  | 0,000000000  | 0,000000000 |
-------------------------------------------------------------------------------------------------------------------------------------------------------------------------------------------------------------------------------------------------------------------------------------------------------------------------------------------------------------------------------------------------------------------------------------------------------------------
ü    | 0,000155866  | 0,000415641  | 0,001515978  | 0,000252354  | 0,000564085  | 0,000807161  | 0,000074222  | 0,000571507  | 0,001014982  | 0,000000000  | 0,001796165  | 0,000283898  | 0,000616040  | 0,003030101  | 0,000994571  | 0,001250635  | 0,000296887  | 0,002827846  | 0,000744072  | 0,000333998  | 0,000037111  | 0,000118755  | 0,000120610  | 0,000669851  | 0,000792317  | 0,000009278  | 0,000000000  | 0,000000000  | 0,000309876  | 0,000523263  | 0,000372964 |
-------------------------------------------------------------------------------------------------------------------------------------------------------------------------------------------------------------------------------------------------------------------------------------------------------------------------------------------------------------------------------------------------------------------------------------------------------------------
û    | 0,000061233  | 0,000463886  | 0,001868531  | 0,000274620  | 0,000450897  | 0,001682977  | 0,000092777  | 0,000272765  | 0,000565940  | 0,001515978  | 0,000419353  | 0,001990997  | 0,001823998  | 0,000864683  | 0,000450897  | 0,000885094  | 0,000419353  | 0,001395368  | 0,001248780  | 0,000168854  | 0,000005567  | 0,001408357  | 0,000011133  | 0,000283898  | 0,000525118  | 0,000024122  | 0,000000000  | 0,000001856  | 0,000122466  | 0,000005567  | 0,000179988 |
-------------------------------------------------------------------------------------------------------------------------------------------------------------------------------------------------------------------------------------------------------------------------------------------------------------------------------------------------------------------------------------------------------------------------------------------------------------------
ý    | 0,000000000  | 0,000000000  | 0,000029689  | 0,000003711  | 0,000031544  | 0,000000000  | 0,000000000  | 0,000003711  | 0,000000000  | 0,000005567  | 0,000421208  | 0,000048244  | 0,000033400  | 0,000042677  | 0,000000000  | 0,000020411  | 0,000022267  | 0,000009278  | 0,003150711  | 0,000001856  | 0,000025978  | 0,000011133  | 0,000000000  | 0,000000000  | 0,000001856  | 0,000000000  | 0,000000000  | 0,000000000  | 0,000000000  | 0,000000000  | 0,000000000 |
-------------------------------------------------------------------------------------------------------------------------------------------------------------------------------------------------------------------------------------------------------------------------------------------------------------------------------------------------------------------------------------------------------------------------------------------------------------------
þ    | 0,000051955  | 0,000287609  | 0,000213387  | 0,000072366  | 0,000588207  | 0,000063088  | 0,000332142  | 0,000168854  | 0,000207821  | 0,000009278  | 0,000280187  | 0,000040822  | 0,000144732  | 0,000272765  | 0,000192976  | 0,000282042  | 0,000120610  | 0,000369253  | 0,000640162  | 0,000048244  | 0,000029689  | 0,000033400  | 0,000022267  | 0,000270909  | 0,000025978  | 0,000901794  | 0,000000000  | 0,000000000  | 0,000068655  | 0,000040822  | 0,000037111 |
-------------------------------------------------------------------------------------------------------------------------------------------------------------------------------------------------------------------------------------------------------------------------------------------------------------------------------------------------------------------------------------------------------------------------------------------------------------------
ÿ    | 0,000142877  | 0,000475019  | 0,001866676  | 0,000315442  | 0,001274758  | 0,000458319  | 0,000256065  | 0,000757061  | 0,000849838  | 0,000018555  | 0,001284035  | 0,001085492  | 0,000885094  | 0,002107896  | 0,000925916  | 0,001341557  | 0,000400797  | 0,001747921  | 0,001836987  | 0,000343275  | 0,000040822  | 0,000295031  | 0,000115044  | 0,000606762  | 0,000051955  | 0,000358120  | 0,000000000  | 0,000000000  | 0,000205965  | 0,000172565  | 0,000222665 |
----------------------------------------------------------------------------------------------------------------------------------------------------------------------------------------------------------------------------------------------------------------------------------------------------------------------------------------------------------------------------------------------------------------------------------------------------------------------------------------------
--------------------------------------------------------------------------------------------------------------------------------------------------------------------------------------------------------------------------------------------------------------------------------------------------------------------------------------------------------------------------------------------------------------------------------------------------------------------------------------------------