     |      à       |      á       |      â       |      ã       |      ä       |      å       |      æ       |      ç       |      è       |      é       |      ê       |      ë       |      ì       |      í       |      î       |      ï       |      ð       |      ñ       |      ò       |      ó       |      ô       |      õ       |      ö       |      ÷       |      ø       |      ù       |      ü       |      û       |      ý       |      þ       |      ÿ       |      ' '      |
-------------------------------------------------------------------------------------------------------------------------------------------------------------------------------------------------------------------------------------------------------------------------------------------------------------------------------------------------------------------------------------------------------------------------------------------------------------------
à    | 0,000000000  | 0,000870414  | 0,002835866  | 0,000592755  | 0,001703392  | 0,001430412  | 0,001183951  | 0,003012133  | 0,000123231  | 0,000458605  | 0,003980820  | 0,007737016  | 0,002818707  | 0,003810792  | 0,000035877  | 0,000903172  | 0,001736149  | 0,003714080  | 0,004336473  | 0,000530360  | 0,000327575  | 0,001007684  | 0,000357213  | 0,000870414  | 0,000609914  | 0,000330695  | 0,000000000  | 0,000000000  | 0,000007799  | 0,000987406  | 0,002119880 | 0,017004278 |
-------------------------------------------------------------------------------------------------------------------------------------------------------------------------------------------------------------------------------------------------------------------------------------------------------------------------------------------------------------------------------------------------------------------------------------------------------------------
á    | 0,000734705  | 0,000003120  | 0,000035877  | 0,000004680  | 0,000015599  | 0,001768907  | 0,000020278  | 0,000006240  | 0,001366457  | 0,000000000  | 0,000107632  | 0,000733145  | 0,000034317  | 0,000285458  | 0,002236871  | 0,000021838  | 0,001177711  | 0,000194985  | 0,000007799  | 0,000868854  | 0,000000000  | 0,000038997  | 0,000001560  | 0,000001560  | 0,000031198  | 0,000216824  | 0,000035877  | 0,003278873  | 0,000000000  | 0,000007799  | 0,000522561 | 0,000205904 |
-------------------------------------------------------------------------------------------------------------------------------------------------------------------------------------------------------------------------------------------------------------------------------------------------------------------------------------------------------------------------------------------------------------------------------------------------------------------
â    | 0,005317639  | 0,000006240  | 0,000042117  | 0,000012479  | 0,000313536  | 0,004531458  | 0,000000000  | 0,000354093  | 0,002742273  | 0,000000000  | 0,000274539  | 0,000731585  | 0,000145069  | 0,001449131  | 0,005615576  | 0,000318216  | 0,000903172  | 0,002386620  | 0,000219943  | 0,000623953  | 0,000000000  | 0,000042117  | 0,000007799  | 0,000046796  | 0,000826738  | 0,000006240  | 0,000124791  | 0,002239991  | 0,000000000  | 0,000001560  | 0,000232422 | 0,005829280 |
-------------------------------------------------------------------------------------------------------------------------------------------------------------------------------------------------------------------------------------------------------------------------------------------------------------------------------------------------------------------------------------------------------------------------------------------------------------------
ã    | 0,001101277  | 0,000000000  | 0,000038997  | 0,000003120  | 0,001088798  | 0,000333815  | 0,000000000  | 0,000001560  | 0,000711306  | 0,000000000  | 0,000087353  | 0,001466289  | 0,000018719  | 0,000301057  | 0,006418916  | 0,000000000  | 0,001601999  | 0,000007799  | 0,000009359  | 0,000494483  | 0,000000000  | 0,000000000  | 0,000000000  | 0,000057716  | 0,000006240  | 0,000000000  | 0,000000000  | 0,000000000  | 0,000000000  | 0,000000000  | 0,000000000 | 0,000793980 |
-------------------------------------------------------------------------------------------------------------------------------------------------------------------------------------------------------------------------------------------------------------------------------------------------------------------------------------------------------------------------------------------------------------------------------------------------------------------
ä    | 0,004494021  | 0,000024958  | 0,000862615  | 0,000031198  | 0,000057716  | 0,004504940  | 0,000173147  | 0,000010919  | 0,002542608  | 0,000000000  | 0,000276099  | 0,000627073  | 0,000062395  | 0,001617598  | 0,003389624  | 0,000088913  | 0,000859495  | 0,000321336  | 0,000263620  | 0,001243226  | 0,000001560  | 0,000042117  | 0,000191866  | 0,000037437  | 0,000067075  | 0,000000000  | 0,000305737  | 0,000689468  | 0,000004680  | 0,000023398  | 0,000344734 | 0,001110636 |
-------------------------------------------------------------------------------------------------------------------------------------------------------------------------------------------------------------------------------------------------------------------------------------------------------------------------------------------------------------------------------------------------------------------------------------------------------------------
å    | 0,000166907  | 0,001300942  | 0,001377376  | 0,002985615  | 0,003250795  | 0,001642556  | 0,000745624  | 0,001173032  | 0,000104512  | 0,002420937  | 0,001623838  | 0,004721764  | 0,004157086  | 0,007269051  | 0,000263620  | 0,000995205  | 0,006002427  | 0,004286557  | 0,005060258  | 0,000113871  | 0,000056156  | 0,000335375  | 0,000229303  | 0,000906292  | 0,001188630  | 0,000809579  | 0,000000000  | 0,000000000  | 0,000000000  | 0,000092033  | 0,000110752 | 0,018819980 |
-------------------------------------------------------------------------------------------------------------------------------------------------------------------------------------------------------------------------------------------------------------------------------------------------------------------------------------------------------------------------------------------------------------------------------------------------------------------
æ    | 0,001062280  | 0,000017159  | 0,000001560  | 0,000009359  | 0,000723785  | 0,003261714  | 0,000006240  | 0,000001560  | 0,001308741  | 0,000000000  | 0,000093593  | 0,000009359  | 0,000001560  | 0,001187070  | 0,000092033  | 0,000000000  | 0,000006240  | 0,000003120  | 0,000003120  | 0,000268300  | 0,000000000  | 0,000000000  | 0,000000000  | 0,000029638  | 0,000000000  | 0,000000000  | 0,000068635  | 0,000000000  | 0,000000000  | 0,000000000  | 0,000000000 | 0,000198105 |
-------------------------------------------------------------------------------------------------------------------------------------------------------------------------------------------------------------------------------------------------------------------------------------------------------------------------------------------------------------------------------------------------------------------------------------------------------------------
ç    | 0,004784159  | 0,000160668  | 0,000879774  | 0,000352533  | 0,000915651  | 0,000407129  | 0,000067075  | 0,000014039  | 0,000471084  | 0,000000000  | 0,000165348  | 0,000237102  | 0,000485123  | 0,001751748  | 0,001004564  | 0,000000000  | 0,000363453  | 0,000000000  | 0,000014039  | 0,000414929  | 0,000000000  | 0,000000000  | 0,000040557  | 0,000017159  | 0,000003120  | 0,000000000  | 0,000157548  | 0,000371252  | 0,000000000  | 0,000007799  | 0,000151309 | 0,001584840 |
-------------------------------------------------------------------------------------------------------------------------------------------------------------------------------------------------------------------------------------------------------------------------------------------------------------------------------------------------------------------------------------------------------------------------------------------------------------------
è    | 0,000194985  | 0,000424288  | 0,002333584  | 0,000536600  | 0,001603559  | 0,002512970  | 0,000274539  | 0,002430297  | 0,000942169  | 0,001013924  | 0,002140159  | 0,004781039  | 0,002672078  | 0,002898261  | 0,000441447  | 0,000280779  | 0,001335259  | 0,002945058  | 0,003907505  | 0,000014039  | 0,000062395  | 0,001750188  | 0,001124675  | 0,001154313  | 0,000809579  | 0,000149749  | 0,000000000  | 0,000000000  | 0,000000000  | 0,000427408  | 0,001614478 | 0,017629789 |
-------------------------------------------------------------------------------------------------------------------------------------------------------------------------------------------------------------------------------------------------------------------------------------------------------------------------------------------------------------------------------------------------------------------------------------------------------------------
é    | 0,000000000  | 0,000000000  | 0,000000000  | 0,000000000  | 0,000126350  | 0,000010919  | 0,000000000  | 0,000035877  | 0,000001560  | 0,000000000  | 0,000067075  | 0,000014039  | 0,000074874  | 0,000391530  | 0,000018719  | 0,000003120  | 0,000003120  | 0,000701947  | 0,000212144  | 0,000000000  | 0,000004680  | 0,000000000  | 0,000007799  | 0,000112312  | 0,000087353  | 0,000004680  | 0,000000000  | 0,000000000  | 0,000000000  | 0,000001560  | 0,000003120 | 0,007072506 |
-------------------------------------------------------------------------------------------------------------------------------------------------------------------------------------------------------------------------------------------------------------------------------------------------------------------------------------------------------------------------------------------------------------------------------------------------------------------
ê    | 0,006362760  | 0,000000000  | 0,000199665  | 0,000000000  | 0,000001560  | 0,000633312  | 0,000045237  | 0,000031198  | 0,002431856  | 0,000000000  | 0,000024958  | 0,000634872  | 0,000001560  | 0,000288578  | 0,008083310  | 0,000000000  | 0,001725230  | 0,000726905  | 0,000974926  | 0,001854700  | 0,000000000  | 0,000000000  | 0,000095153  | 0,000000000  | 0,000010919  | 0,000000000  | 0,000000000  | 0,000000000  | 0,000000000  | 0,000004680  | 0,000000000 | 0,003801433 |
-------------------------------------------------------------------------------------------------------------------------------------------------------------------------------------------------------------------------------------------------------------------------------------------------------------------------------------------------------------------------------------------------------------------------------------------------------------------
ë    | 0,007002312  | 0,000026518  | 0,000012479  | 0,000149749  | 0,000018719  | 0,004189844  | 0,000308857  | 0,000037437  | 0,007130222  | 0,000000000  | 0,000404010  | 0,000180946  | 0,000037437  | 0,000391530  | 0,006397077  | 0,000020278  | 0,000000000  | 0,001116876  | 0,000073314  | 0,001171472  | 0,000004680  | 0,000001560  | 0,000000000  | 0,000099832  | 0,000004680  | 0,000004680  | 0,004175805  | 0,000600555  | 0,000000000  | 0,000811139  | 0,001698712 | 0,004174245 |
-------------------------------------------------------------------------------------------------------------------------------------------------------------------------------------------------------------------------------------------------------------------------------------------------------------------------------------------------------------------------------------------------------------------------------------------------------------------
ì    | 0,002528569  | 0,000053036  | 0,000006240  | 0,000024958  | 0,000000000  | 0,003809233  | 0,000000000  | 0,000001560  | 0,002690797  | 0,000000000  | 0,000123231  | 0,000154428  | 0,000059276  | 0,001238547  | 0,003774915  | 0,000146629  | 0,000032758  | 0,000101392  | 0,000000000  | 0,001988850  | 0,000017159  | 0,000017159  | 0,000006240  | 0,000026518  | 0,000000000  | 0,000000000  | 0,000049916  | 0,001180831  | 0,000003120  | 0,000001560  | 0,000414929 | 0,007802532 |
-------------------------------------------------------------------------------------------------------------------------------------------------------------------------------------------------------------------------------------------------------------------------------------------------------------------------------------------------------------------------------------------------------------------------------------------------------------------
í    | 0,010427813  | 0,000001560  | 0,000024958  | 0,000060835  | 0,000218384  | 0,009718067  | 0,000021838  | 0,000037437  | 0,008370329  | 0,000000000  | 0,000340054  | 0,000000000  | 0,000001560  | 0,002906061  | 0,009878735  | 0,000001560  | 0,000173147  | 0,000485123  | 0,001748628  | 0,002408458  | 0,000056156  | 0,000003120  | 0,000232422  | 0,000160668  | 0,000003120  | 0,000082674  | 0,000676989  | 0,003976140  | 0,000000000  | 0,000151309  | 0,001268184 | 0,002605004 |
-------------------------------------------------------------------------------------------------------------------------------------------------------------------------------------------------------------------------------------------------------------------------------------------------------------------------------------------------------------------------------------------------------------------------------------------------------------------
î    | 0,000009359  | 0,003700041  | 0,006387718  | 0,004899590  | 0,004275637  | 0,001940494  | 0,002015368  | 0,001592640  | 0,000847016  | 0,003561211  | 0,001999769  | 0,006305045  | 0,005713849  | 0,006824485  | 0,000285458  | 0,001650356  | 0,004790399  | 0,006330003  | 0,007016351  | 0,000060835  | 0,000112312  | 0,000559998  | 0,000124791  | 0,001828182  | 0,000666070  | 0,000340054  | 0,000000000  | 0,000000000  | 0,000034317  | 0,000107632  | 0,000666070 | 0,022337515 |
-------------------------------------------------------------------------------------------------------------------------------------------------------------------------------------------------------------------------------------------------------------------------------------------------------------------------------------------------------------------------------------------------------------------------------------------------------------------
ï    | 0,001350858  | 0,000000000  | 0,000000000  | 0,000000000  | 0,000000000  | 0,002271189  | 0,000000000  | 0,000000000  | 0,000920331  | 0,000000000  | 0,000112312  | 0,000828298  | 0,000000000  | 0,000143509  | 0,009379572  | 0,000063955  | 0,006858802  | 0,000204345  | 0,000138830  | 0,000801780  | 0,000001560  | 0,000000000  | 0,000000000  | 0,000012479  | 0,000006240  | 0,000000000  | 0,000042117  | 0,000485123  | 0,000000000  | 0,000001560  | 0,000151309 | 0,000120111 |
-------------------------------------------------------------------------------------------------------------------------------------------------------------------------------------------------------------------------------------------------------------------------------------------------------------------------------------------------------------------------------------------------------------------------------------------------------------------
ð    | 0,007467157  | 0,000048356  | 0,000343174  | 0,000194985  | 0,000151309  | 0,006840084  | 0,000297938  | 0,000024958  | 0,004567335  | 0,000000000  | 0,000279219  | 0,000116991  | 0,000297938  | 0,001065400  | 0,007983478  | 0,000087353  | 0,000102952  | 0,000205904  | 0,000555318  | 0,002341383  | 0,000004680  | 0,000232422  | 0,000035877  | 0,000090473  | 0,000137270  | 0,000032758  | 0,000499162  | 0,001346178  | 0,000014039  | 0,000113871  | 0,001051361 | 0,000694148 |
-------------------------------------------------------------------------------------------------------------------------------------------------------------------------------------------------------------------------------------------------------------------------------------------------------------------------------------------------------------------------------------------------------------------------------------------------------------------
ñ    | 0,001425732  | 0,000056156  | 0,001346178  | 0,000037437  | 0,000205904  | 0,003203998  | 0,000020278  | 0,000006240  | 0,001494367  | 0,000000000  | 0,002902941  | 0,003118205  | 0,000850136  | 0,000990525  | 0,002464614  | 0,002002889  | 0,000280779  | 0,000619273  | 0,011033048  | 0,000644231  | 0,000054596  | 0,000180946  | 0,000060835  | 0,000313536  | 0,000065515  | 0,000000000  | 0,003450460  | 0,000419608  | 0,000007799  | 0,000168467  | 0,004086892 | 0,003093247 |
-------------------------------------------------------------------------------------------------------------------------------------------------------------------------------------------------------------------------------------------------------------------------------------------------------------------------------------------------------------------------------------------------------------------------------------------------------------------
ò    | 0,005347277  | 0,000435207  | 0,002349183  | 0,000015599  | 0,000141949  | 0,004816917  | 0,000003120  | 0,000003120  | 0,003642325  | 0,000000000  | 0,000711306  | 0,000202785  | 0,000077994  | 0,001151193  | 0,014912475  | 0,000135710  | 0,004118090  | 0,001213588  | 0,000077994  | 0,001254145  | 0,000004680  | 0,000026518  | 0,000040557  | 0,000182506  | 0,000012479  | 0,000020278  | 0,006069502  | 0,001843781  | 0,000001560  | 0,000040557  | 0,000516321 | 0,005500145 |
-------------------------------------------------------------------------------------------------------------------------------------------------------------------------------------------------------------------------------------------------------------------------------------------------------------------------------------------------------------------------------------------------------------------------------------------------------------------
ó    | 0,000093593  | 0,000460165  | 0,000706627  | 0,001004564  | 0,001520885  | 0,000230863  | 0,001286903  | 0,000276099  | 0,000394650  | 0,000093593  | 0,000748744  | 0,001327460  | 0,000854816  | 0,000279219  | 0,000006240  | 0,000648911  | 0,000781501  | 0,001205789  | 0,001542724  | 0,000003120  | 0,000015599  | 0,000344734  | 0,000007799  | 0,000818938  | 0,000661390  | 0,000503842  | 0,000000000  | 0,000000000  | 0,000020278  | 0,001076319  | 0,000098273 | 0,005384714 |
-------------------------------------------------------------------------------------------------------------------------------------------------------------------------------------------------------------------------------------------------------------------------------------------------------------------------------------------------------------------------------------------------------------------------------------------------------------------
ô    | 0,000224623  | 0,000000000  | 0,000000000  | 0,000000000  | 0,000000000  | 0,000140389  | 0,000000000  | 0,000000000  | 0,000287018  | 0,000000000  | 0,000000000  | 0,000042117  | 0,000001560  | 0,000001560  | 0,000446126  | 0,000000000  | 0,000081114  | 0,000001560  | 0,000009359  | 0,000092033  | 0,000010919  | 0,000000000  | 0,000000000  | 0,000000000  | 0,000001560  | 0,000000000  | 0,000000000  | 0,000018719  | 0,000000000  | 0,000000000  | 0,000000000 | 0,000109192 |
-------------------------------------------------------------------------------------------------------------------------------------------------------------------------------------------------------------------------------------------------------------------------------------------------------------------------------------------------------------------------------------------------------------------------------------------------------------------
õ    | 0,000263620  | 0,000000000  | 0,000160668  | 0,000003120  | 0,000000000  | 0,000076434  | 0,000000000  | 0,000000000  | 0,000165348  | 0,000000000  | 0,000001560  | 0,000107632  | 0,000040557  | 0,000176267  | 0,002171356  | 0,000000000  | 0,000135710  | 0,000082674  | 0,000020278  | 0,000118551  | 0,000000000  | 0,000000000  | 0,000000000  | 0,000000000  | 0,000014039  | 0,000000000  | 0,000000000  | 0,000004680  | 0,000001560  | 0,000000000  | 0,000000000 | 0,003381825 |
-------------------------------------------------------------------------------------------------------------------------------------------------------------------------------------------------------------------------------------------------------------------------------------------------------------------------------------------------------------------------------------------------------------------------------------------------------------------
ö    | 0,000555318  | 0,000003120  | 0,000076434  | 0,000000000  | 0,000003120  | 0,000842336  | 0,000000000  | 0,000000000  | 0,000903172  | 0,000000000  | 0,000017159  | 0,000000000  | 0,000000000  | 0,000001560  | 0,000166907  | 0,000000000  | 0,000000000  | 0,000001560  | 0,000000000  | 0,000126350  | 0,000000000  | 0,000000000  | 0,000000000  | 0,000000000  | 0,000000000  | 0,000000000  | 0,000000000  | 0,000174707  | 0,000000000  | 0,000000000  | 0,000000000 | 0,000230863 |
-------------------------------------------------------------------------------------------------------------------------------------------------------------------------------------------------------------------------------------------------------------------------------------------------------------------------------------------------------------------------------------------------------------------------------------------------------------------
÷    | 0,001698712  | 0,000000000  | 0,000006240  | 0,000000000  | 0,000000000  | 0,003604888  | 0,000000000  | 0,000000000  | 0,001410134  | 0,000000000  | 0,000355653  | 0,000087353  | 0,000000000  | 0,000939049  | 0,000059276  | 0,000000000  | 0,000017159  | 0,000000000  | 0,003985499  | 0,000633312  | 0,000000000  | 0,000000000  | 0,000001560  | 0,000000000  | 0,000099832  | 0,000000000  | 0,000252701  | 0,000000000  | 0,000000000  | 0,000000000  | 0,000000000 | 0,000046796 |
-------------------------------------------------------------------------------------------------------------------------------------------------------------------------------------------------------------------------------------------------------------------------------------------------------------------------------------------------------------------------------------------------------------------------------------------------------------------
ø    | 0,000658270  | 0,000000000  | 0,000038997  | 0,000000000  | 0,000000000  | 0,001884338  | 0,000000000  | 0,000000000  | 0,001417933  | 0,000000000  | 0,000628633  | 0,000530360  | 0,000021838  | 0,000374372  | 0,000159108  | 0,000023398  | 0,000015599  | 0,000000000  | 0,000081114  | 0,000170027  | 0,000001560  | 0,000000000  | 0,000004680  | 0,000000000  | 0,000000000  | 0,000000000  | 0,001126235  | 0,000000000  | 0,000000000  | 0,000000000  | 0,000000000 | 0,000038997 |
-------------------------------------------------------------------------------------------------------------------------------------------------------------------------------------------------------------------------------------------------------------------------------------------------------------------------------------------------------------------------------------------------------------------------------------------------------------------
ù    | 0,000449246  | 0,000000000  | 0,000000000  | 0,000000000  | 0,000001560  | 0,001734589  | 0,000000000  | 0,000000000  | 0,000993645  | 0,000000000  | 0,000000000  | 0,000000000  | 0,000000000  | 0,000062395  | 0,000006240  | 0,000000000  | 0,000015599  | 0,000000000  | 0,000000000  | 0,000260500  | 0,000000000  | 0,000000000  | 0,000000000  | 0,000000000  | 0,000000000  | 0,000000000  | 0,000035877  | 0,000000000  | 0,000000000  | 0,000000000  | 0,000000000 | 0,000004680 |
-------------------------------------------------------------------------------------------------------------------------------------------------------------------------------------------------------------------------------------------------------------------------------------------------------------------------------------------------------------------------------------------------------------------------------------------------------------------
ü    | 0,000000000  | 0,000040557  | 0,000006240  | 0,000009359  | 0,000024958  | 0,000221503  | 0,000000000  | 0,000146629  | 0,000046796  | 0,000000000  | 0,000818938  | 0,000000000  | 0,000126350  | 0,001316541  | 0,000004680  | 0,000004680  | 0,000000000  | 0,001180831  | 0,000076434  | 0,000000000  | 0,000015599  | 0,000000000  | 0,000070195  | 0,000017159  | 0,000602115  | 0,000004680  | 0,000000000  | 0,000000000  | 0,000000000  | 0,000421168  | 0,000173147 | 0,011594606 |
-------------------------------------------------------------------------------------------------------------------------------------------------------------------------------------------------------------------------------------------------------------------------------------------------------------------------------------------------------------------------------------------------------------------------------------------------------------------
û    | 0,000000000  | 0,000230863  | 0,001107516  | 0,000166907  | 0,000168467  | 0,001347738  | 0,000070195  | 0,000087353  | 0,000012479  | 0,001341499  | 0,000157548  | 0,001611358  | 0,001425732  | 0,000079554  | 0,000000000  | 0,000138830  | 0,000268300  | 0,000662950  | 0,000857935  | 0,000007799  | 0,000000000  | 0,001116876  | 0,000001560  | 0,000137270  | 0,000394650  | 0,000012479  | 0,000000000  | 0,000000000  | 0,000000000  | 0,000000000  | 0,000085794 | 0,005086776 |
-------------------------------------------------------------------------------------------------------------------------------------------------------------------------------------------------------------------------------------------------------------------------------------------------------------------------------------------------------------------------------------------------------------------------------------------------------------------
ý    | 0,000000000  | 0,000001560  | 0,000021838  | 0,000004680  | 0,000023398  | 0,000000000  | 0,000000000  | 0,000001560  | 0,000000000  | 0,000003120  | 0,000385291  | 0,000046796  | 0,000024958  | 0,000034317  | 0,000000000  | 0,000023398  | 0,000014039  | 0,000004680  | 0,002595644  | 0,000001560  | 0,000028078  | 0,000015599  | 0,000000000  | 0,000000000  | 0,000001560  | 0,000000000  | 0,000000000  | 0,000000000  | 0,000000000  | 0,000000000  | 0,000000000 | 0,000001560 |
-------------------------------------------------------------------------------------------------------------------------------------------------------------------------------------------------------------------------------------------------------------------------------------------------------------------------------------------------------------------------------------------------------------------------------------------------------------------
þ    | 0,000000000  | 0,000185626  | 0,000006240  | 0,000004680  | 0,000372812  | 0,000003120  | 0,000258940  | 0,000074874  | 0,000001560  | 0,000007799  | 0,000054596  | 0,000004680  | 0,000031198  | 0,000020278  | 0,000003120  | 0,000004680  | 0,000029638  | 0,000104512  | 0,000453926  | 0,000000000  | 0,000000000  | 0,000010919  | 0,000018719  | 0,000116991  | 0,000015599  | 0,000754983  | 0,000000000  | 0,000000000  | 0,000000000  | 0,000021838  | 0,000000000 | 0,002274308 |
-------------------------------------------------------------------------------------------------------------------------------------------------------------------------------------------------------------------------------------------------------------------------------------------------------------------------------------------------------------------------------------------------------------------------------------------------------------------
ÿ    | 0,000000000  | 0,000021838  | 0,000322896  | 0,000088913  | 0,000661390  | 0,000185626  | 0,000118551  | 0,000240222  | 0,000006240  | 0,000020278  | 0,000496043  | 0,000678549  | 0,000433647  | 0,000447686  | 0,000000000  | 0,000012479  | 0,000077994  | 0,000453926  | 0,000978046  | 0,000000000  | 0,000000000  | 0,000184066  | 0,000062395  | 0,000068635  | 0,000010919  | 0,000329135  | 0,000000000  | 0,000000000  | 0,000000000  | 0,000113871  | 0,000085794 | 0,010733550 |
----------------------------------------------------------------------------------------------------------------------------------------------------------------------------------------------------------------------------------------------------------------------------------------------------------------------------------------------------------------------------------------------------------------------------------------------------------------------------------------------
' ' | 0,001725230  | 0,005847999  | 0,014478828  | 0,003177480  | 0,006484431  | 0,003526894  | 0,001335259  | 0,005071178  | 0,009767983  | 0,000004680  | 0,008677625  | 0,002887342  | 0,005955631  | 0,016339768  | 0,011260791  | 0,016776534  | 0,003743718  | 0,015104340  | 0,008958404  | 0,004040095  | 0,000616154  | 0,001240106  | 0,000435207  | 0,005950951  | 0,000606794  | 0,000038997  | 0,000000000  | 0,000003120  | 0,003246115  | 0,000233982  | 0,001874979 | 0,000000000 |
--------------------------------------------------------------------------------------------------------------------------------------------------------------------------------------------------------------------------------------------------------------------------------------------------------------------------------------------------------------------------------------------------------------------------------------------------------------------------------------------------