1 1 1077852 0
à 83905 0,077844642
á 17877 0,016585765
â 45744 0,042439964
ã 18536 0,017197166
ä 30992 0,028753484
å 92210 0,085549779
æ 10646 0,009877052
ç 18908 0,017542297
è 74506 0,069124520
é 11463 0,010635041
ê 35893 0,033300489
ë 51394 0,047681872
ì 33772 0,031332687
í 71848 0,066658504
î 124332 0,115351647
ï 30930 0,028695961
ð 47744 0,044295505
ñ 57038 0,052918211
ò 70570 0,065472811
ó 28816 0,026734654
ô 1836 0,001703388
õ 9024 0,008372207
ö 4014 0,003724074
÷ 16832 0,015616244
ø 9052 0,008398185
ù 4620 0,004286303
û 21291 0,019753175
ü 21793 0,020218916
ý 4215 0,003910556
þ 6188 0,005741048
ÿ 21863 0,020283861
