1 1 1282150 204296
  204297 0,159339398
à 83906 0,065441638
á 21889 0,017072106
â 48569 0,037880905
ã 18536 0,014456967
ä 31871 0,024857465
å 92194 0,071905784
æ 10646 0,008303241
ç 19392 0,015124596
è 74506 0,058110207
é 11463 0,008940452
ê 35893 0,027994385
ë 52184 0,040700387
ì 35317 0,027545139
í 76856 0,059943065
î 124332 0,096971489
ï 31572 0,024624264
ð 49539 0,038637444
ñ 57535 0,044873845
ò 72929 0,056880239
ó 28816 0,022474749
ô 1858 0,001449128
õ 9024 0,007038178
ö 4273 0,003332683
÷ 16832 0,013127949
ø 9052 0,007060017
ù 4620 0,003603322
û 21793 0,016997231
ü 188 0,000146629
ý 4215 0,003287447
þ 6188 0,004826268
ÿ 21863 0,017051827
