1 1 1077854 0
  0 0,000000000
à 83905 0,077844493
á 21889 0,020307945
â 48569 0,045060832
ã 18536 0,017197134
ä 31871 0,029568940
å 92194 0,085534774
æ 10646 0,009877034
ç 19392 0,017991304
è 74506 0,069124393
é 11463 0,010635021
ê 35893 0,033300430
ë 52184 0,048414722
ì 35317 0,032766033
í 76856 0,071304649
î 124332 0,115351431
ï 31572 0,029291537
ð 49539 0,045960769
ñ 57537 0,053381070
ò 72929 0,067661300
ó 28816 0,026734604
ô 1858 0,001723796
õ 9024 0,008372191
ö 4273 0,003964359
÷ 16832 0,015616215
ø 9052 0,008398169
ù 4620 0,004286295
û 21793 0,020218879
ü 188 0,000174421
ý 4215 0,003910548
þ 6188 0,005741037
ÿ 21863 0,020283824
