1 1 1282148 204296
  204295 0,159338087
à 83906 0,065441743
á 17877 0,013943008
â 45744 0,035677627
ã 18536 0,014456989
ä 30992 0,024171937
å 92210 0,071918376
æ 10646 0,008303254
ç 18908 0,014747128
è 74506 0,058110297
é 11463 0,008940466
ê 35893 0,027994428
ë 51394 0,040084295
ì 33772 0,026340174
í 71848 0,056037214
î 124332 0,096971646
ï 30930 0,024123579
ð 47744 0,037237510
ñ 57038 0,044486284
ò 70570 0,055040449
ó 28816 0,022474784
ô 1836 0,001431972
õ 9024 0,007038189
ö 4014 0,003130684
÷ 16832 0,013127970
ø 9052 0,007060027
ù 4620 0,003603328
û 21291 0,016605727
ü 21793 0,016997257
ý 4215 0,003287452
þ 6188 0,004826276
ÿ 21863 0,017051853
