1 2 641074 204296
   0 0,000000000
 א 1106 0,001725230
 ב 3749 0,005847999
 ג 9282 0,014478828
 ד 2037 0,003177480
 ה 4157 0,006484431
 ו 2261 0,003526894
 ז 856 0,001335259
 ח 3251 0,005071178
 ט 6262 0,009767983
 י 3 0,000004680
 ך 5563 0,008677625
 כ 1851 0,002887342
 ל 3818 0,005955631
 ם 10475 0,016339768
 מ 7219 0,011260791
 ן 10755 0,016776534
 נ 2400 0,003743718
 ס 9683 0,015104340
 ע 5743 0,008958404
 ף 2590 0,004040095
 פ 395 0,000616154
 ץ 795 0,001240106
 צ 279 0,000435207
 ק 3815 0,005950951
 ר 389 0,000606794
 ש 25 0,000038997
  2 0,000003120
  0 0,000000000
 ‎ 2081 0,003246115
 ‏ 150 0,000233982
  1202 0,001874979
א  10901 0,017004278
אא 0 0,000000000
אב 558 0,000870414
אג 1818 0,002835866
אד 380 0,000592755
אה 1092 0,001703392
או 917 0,001430412
אז 759 0,001183951
אח 1931 0,003012133
אט 79 0,000123231
אי 294 0,000458605
אך 2552 0,003980820
אכ 4960 0,007737016
אל 1807 0,002818707
אם 2443 0,003810792
אמ 23 0,000035877
אן 579 0,000903172
אנ 1113 0,001736149
אס 2381 0,003714080
אע 2780 0,004336473
אף 340 0,000530360
אפ 210 0,000327575
אץ 646 0,001007684
אצ 229 0,000357213
אק 558 0,000870414
אר 391 0,000609914
אש 212 0,000330695
א 0 0,000000000
א 0 0,000000000
א‎ 5 0,000007799
א‏ 633 0,000987406
א 1359 0,002119880
ב  132 0,000205904
בא 471 0,000734705
בב 2 0,000003120
בג 23 0,000035877
בד 3 0,000004680
בה 10 0,000015599
בו 1134 0,001768907
בז 13 0,000020278
בח 4 0,000006240
בט 876 0,001366457
בי 0 0,000000000
בך 69 0,000107632
בכ 470 0,000733145
בל 22 0,000034317
בם 183 0,000285458
במ 1434 0,002236871
בן 14 0,000021838
בנ 755 0,001177711
בס 125 0,000194985
בע 5 0,000007799
בף 557 0,000868854
בפ 0 0,000000000
בץ 25 0,000038997
בצ 1 0,000001560
בק 1 0,000001560
בר 20 0,000031198
בש 139 0,000216824
ב 2102 0,003278873
ב 23 0,000035877
ב‎ 0 0,000000000
ב‏ 5 0,000007799
ב 335 0,000522561
ג  3737 0,005829280
גא 3409 0,005317639
גב 4 0,000006240
גג 27 0,000042117
גד 8 0,000012479
גה 201 0,000313536
גו 2905 0,004531458
גז 0 0,000000000
גח 227 0,000354093
גט 1758 0,002742273
גי 0 0,000000000
גך 176 0,000274539
גכ 469 0,000731585
גל 93 0,000145069
גם 929 0,001449131
גמ 3600 0,005615576
גן 204 0,000318216
גנ 579 0,000903172
גס 1530 0,002386620
גע 141 0,000219943
גף 400 0,000623953
גפ 0 0,000000000
גץ 27 0,000042117
גצ 5 0,000007799
גק 30 0,000046796
גר 530 0,000826738
גש 4 0,000006240
ג 1436 0,002239991
ג 80 0,000124791
ג‎ 0 0,000000000
ג‏ 1 0,000001560
ג 149 0,000232422
ד  509 0,000793980
דא 706 0,001101277
דב 0 0,000000000
דג 25 0,000038997
דד 2 0,000003120
דה 698 0,001088798
דו 214 0,000333815
דז 0 0,000000000
דח 1 0,000001560
דט 456 0,000711306
די 0 0,000000000
דך 56 0,000087353
דכ 940 0,001466289
דל 12 0,000018719
דם 193 0,000301057
דמ 4115 0,006418916
דן 0 0,000000000
דנ 1027 0,001601999
דס 5 0,000007799
דע 6 0,000009359
דף 317 0,000494483
דפ 0 0,000000000
דץ 0 0,000000000
דצ 0 0,000000000
דק 37 0,000057716
דר 4 0,000006240
דש 0 0,000000000
ד 0 0,000000000
ד 0 0,000000000
ד‎ 0 0,000000000
ד‏ 0 0,000000000
ד 0 0,000000000
ה  712 0,001110636
הא 2881 0,004494021
הב 16 0,000024958
הג 553 0,000862615
הד 20 0,000031198
הה 37 0,000057716
הו 2888 0,004504940
הז 111 0,000173147
הח 7 0,000010919
הט 1630 0,002542608
הי 0 0,000000000
הך 177 0,000276099
הכ 402 0,000627073
הל 40 0,000062395
הם 1037 0,001617598
המ 2173 0,003389624
הן 57 0,000088913
הנ 551 0,000859495
הס 206 0,000321336
הע 169 0,000263620
הף 797 0,001243226
הפ 1 0,000001560
הץ 27 0,000042117
הצ 123 0,000191866
הק 24 0,000037437
הר 43 0,000067075
הש 0 0,000000000
ה 442 0,000689468
ה 196 0,000305737
ה‎ 3 0,000004680
ה‏ 15 0,000023398
ה 221 0,000344734
ו  12065 0,018819980
וא 107 0,000166907
וב 834 0,001300942
וג 883 0,001377376
וד 1914 0,002985615
וה 2084 0,003250795
וו 1053 0,001642556
וז 478 0,000745624
וח 752 0,001173032
וט 67 0,000104512
וי 1552 0,002420937
וך 1041 0,001623838
וכ 3027 0,004721764
ול 2665 0,004157086
ום 4660 0,007269051
ומ 169 0,000263620
ון 638 0,000995205
ונ 3848 0,006002427
וס 2748 0,004286557
וע 3244 0,005060258
וף 73 0,000113871
ופ 36 0,000056156
וץ 215 0,000335375
וצ 147 0,000229303
וק 581 0,000906292
ור 762 0,001188630
וש 519 0,000809579
ו 0 0,000000000
ו 0 0,000000000
ו‎ 0 0,000000000
ו‏ 59 0,000092033
ו 71 0,000110752
ז  127 0,000198105
זא 681 0,001062280
זב 11 0,000017159
זג 1 0,000001560
זד 6 0,000009359
זה 464 0,000723785
זו 2091 0,003261714
זז 4 0,000006240
זח 1 0,000001560
זט 839 0,001308741
זי 0 0,000000000
זך 60 0,000093593
זכ 6 0,000009359
זל 1 0,000001560
זם 761 0,001187070
זמ 59 0,000092033
זן 0 0,000000000
זנ 4 0,000006240
זס 2 0,000003120
זע 2 0,000003120
זף 172 0,000268300
זפ 0 0,000000000
זץ 0 0,000000000
זצ 0 0,000000000
זק 19 0,000029638
זר 0 0,000000000
זש 0 0,000000000
ז 0 0,000000000
ז 44 0,000068635
ז‎ 0 0,000000000
ז‏ 0 0,000000000
ז 0 0,000000000
ח  1016 0,001584840
חא 3067 0,004784159
חב 103 0,000160668
חג 564 0,000879774
חד 226 0,000352533
חה 587 0,000915651
חו 261 0,000407129
חז 43 0,000067075
חח 9 0,000014039
חט 302 0,000471084
חי 0 0,000000000
חך 106 0,000165348
חכ 152 0,000237102
חל 311 0,000485123
חם 1123 0,001751748
חמ 644 0,001004564
חן 0 0,000000000
חנ 233 0,000363453
חס 0 0,000000000
חע 9 0,000014039
חף 266 0,000414929
חפ 0 0,000000000
חץ 0 0,000000000
חצ 26 0,000040557
חק 11 0,000017159
חר 2 0,000003120
חש 0 0,000000000
ח 238 0,000371252
ח 101 0,000157548
ח‎ 0 0,000000000
ח‏ 5 0,000007799
ח 97 0,000151309
ט  11302 0,017629789
טא 125 0,000194985
טב 272 0,000424288
טג 1496 0,002333584
טד 344 0,000536600
טה 1028 0,001603559
טו 1611 0,002512970
טז 176 0,000274539
טח 1558 0,002430297
טט 604 0,000942169
טי 650 0,001013924
טך 1372 0,002140159
טכ 3065 0,004781039
טל 1713 0,002672078
טם 1858 0,002898261
טמ 283 0,000441447
טן 180 0,000280779
טנ 856 0,001335259
טס 1888 0,002945058
טע 2505 0,003907505
טף 9 0,000014039
טפ 40 0,000062395
טץ 1122 0,001750188
טצ 721 0,001124675
טק 740 0,001154313
טר 519 0,000809579
טש 96 0,000149749
ט 0 0,000000000
ט 0 0,000000000
ט‎ 0 0,000000000
ט‏ 274 0,000427408
ט 1035 0,001614478
י  4534 0,007072506
יא 0 0,000000000
יב 0 0,000000000
יג 0 0,000000000
יד 0 0,000000000
יה 81 0,000126350
יו 7 0,000010919
יז 0 0,000000000
יח 23 0,000035877
יט 1 0,000001560
יי 0 0,000000000
יך 43 0,000067075
יכ 9 0,000014039
יל 48 0,000074874
ים 251 0,000391530
ימ 12 0,000018719
ין 2 0,000003120
ינ 2 0,000003120
יס 450 0,000701947
יע 136 0,000212144
יף 0 0,000000000
יפ 3 0,000004680
יץ 0 0,000000000
יצ 5 0,000007799
יק 72 0,000112312
יר 56 0,000087353
יש 3 0,000004680
י 0 0,000000000
י 0 0,000000000
י‎ 0 0,000000000
י‏ 1 0,000001560
י 2 0,000003120
ך  2437 0,003801433
ךא 4079 0,006362760
ךב 0 0,000000000
ךג 128 0,000199665
ךד 0 0,000000000
ךה 1 0,000001560
ךו 406 0,000633312
ךז 29 0,000045237
ךח 20 0,000031198
ךט 1559 0,002431856
ךי 0 0,000000000
ךך 16 0,000024958
ךכ 407 0,000634872
ךל 1 0,000001560
ךם 185 0,000288578
ךמ 5182 0,008083310
ךן 0 0,000000000
ךנ 1106 0,001725230
ךס 466 0,000726905
ךע 625 0,000974926
ךף 1189 0,001854700
ךפ 0 0,000000000
ךץ 0 0,000000000
ךצ 61 0,000095153
ךק 0 0,000000000
ךר 7 0,000010919
ךש 0 0,000000000
ך 0 0,000000000
ך 0 0,000000000
ך‎ 0 0,000000000
ך‏ 3 0,000004680
ך 0 0,000000000
כ  2676 0,004174245
כא 4489 0,007002312
כב 17 0,000026518
כג 8 0,000012479
כד 96 0,000149749
כה 12 0,000018719
כו 2686 0,004189844
כז 198 0,000308857
כח 24 0,000037437
כט 4571 0,007130222
כי 0 0,000000000
כך 259 0,000404010
ככ 116 0,000180946
כל 24 0,000037437
כם 251 0,000391530
כמ 4101 0,006397077
כן 13 0,000020278
כנ 0 0,000000000
כס 716 0,001116876
כע 47 0,000073314
כף 751 0,001171472
כפ 3 0,000004680
כץ 1 0,000001560
כצ 0 0,000000000
כק 64 0,000099832
כר 3 0,000004680
כש 3 0,000004680
כ 385 0,000600555
כ 2677 0,004175805
כ‎ 0 0,000000000
כ‏ 520 0,000811139
כ 1089 0,001698712
ל  5002 0,007802532
לא 1621 0,002528569
לב 34 0,000053036
לג 4 0,000006240
לד 16 0,000024958
לה 0 0,000000000
לו 2442 0,003809233
לז 0 0,000000000
לח 1 0,000001560
לט 1725 0,002690797
לי 0 0,000000000
לך 79 0,000123231
לכ 99 0,000154428
לל 38 0,000059276
לם 794 0,001238547
למ 2420 0,003774915
לן 94 0,000146629
לנ 21 0,000032758
לס 65 0,000101392
לע 0 0,000000000
לף 1275 0,001988850
לפ 11 0,000017159
לץ 11 0,000017159
לצ 4 0,000006240
לק 17 0,000026518
לר 0 0,000000000
לש 0 0,000000000
ל 757 0,001180831
ל 32 0,000049916
ל‎ 2 0,000003120
ל‏ 1 0,000001560
ל 266 0,000414929
ם  1670 0,002605004
םא 6685 0,010427813
םב 1 0,000001560
םג 16 0,000024958
םד 39 0,000060835
םה 140 0,000218384
םו 6230 0,009718067
םז 14 0,000021838
םח 24 0,000037437
םט 5366 0,008370329
םי 0 0,000000000
םך 218 0,000340054
םכ 0 0,000000000
םל 1 0,000001560
םם 1863 0,002906061
םמ 6333 0,009878735
םן 1 0,000001560
םנ 111 0,000173147
םס 311 0,000485123
םע 1121 0,001748628
םף 1544 0,002408458
םפ 36 0,000056156
םץ 2 0,000003120
םצ 149 0,000232422
םק 103 0,000160668
םר 2 0,000003120
םש 53 0,000082674
ם 2549 0,003976140
ם 434 0,000676989
ם‎ 0 0,000000000
ם‏ 97 0,000151309
ם 813 0,001268184
מ  14320 0,022337515
מא 6 0,000009359
מב 2372 0,003700041
מג 4095 0,006387718
מד 3141 0,004899590
מה 2741 0,004275637
מו 1244 0,001940494
מז 1292 0,002015368
מח 1021 0,001592640
מט 543 0,000847016
מי 2283 0,003561211
מך 1282 0,001999769
מכ 4042 0,006305045
מל 3663 0,005713849
מם 4375 0,006824485
ממ 183 0,000285458
מן 1058 0,001650356
מנ 3071 0,004790399
מס 4058 0,006330003
מע 4498 0,007016351
מף 39 0,000060835
מפ 72 0,000112312
מץ 359 0,000559998
מצ 80 0,000124791
מק 1172 0,001828182
מר 427 0,000666070
מש 218 0,000340054
מ 0 0,000000000
מ 0 0,000000000
מ‎ 22 0,000034317
מ‏ 69 0,000107632
מ 427 0,000666070
ן  77 0,000120111
ןא 866 0,001350858
ןב 0 0,000000000
ןג 0 0,000000000
ןד 0 0,000000000
ןה 0 0,000000000
ןו 1456 0,002271189
ןז 0 0,000000000
ןח 0 0,000000000
ןט 590 0,000920331
ןי 0 0,000000000
ןך 72 0,000112312
ןכ 531 0,000828298
ןל 0 0,000000000
ןם 92 0,000143509
ןמ 6013 0,009379572
ןן 41 0,000063955
ןנ 4397 0,006858802
ןס 131 0,000204345
ןע 89 0,000138830
ןף 514 0,000801780
ןפ 1 0,000001560
ןץ 0 0,000000000
ןצ 0 0,000000000
ןק 8 0,000012479
ןר 4 0,000006240
ןש 0 0,000000000
ן 311 0,000485123
ן 27 0,000042117
ן‎ 0 0,000000000
ן‏ 1 0,000001560
ן 97 0,000151309
נ  445 0,000694148
נא 4787 0,007467157
נב 31 0,000048356
נג 220 0,000343174
נד 125 0,000194985
נה 97 0,000151309
נו 4385 0,006840084
נז 191 0,000297938
נח 16 0,000024958
נט 2928 0,004567335
ני 0 0,000000000
נך 179 0,000279219
נכ 75 0,000116991
נל 191 0,000297938
נם 683 0,001065400
נמ 5118 0,007983478
נן 56 0,000087353
ננ 66 0,000102952
נס 132 0,000205904
נע 356 0,000555318
נף 1501 0,002341383
נפ 3 0,000004680
נץ 149 0,000232422
נצ 23 0,000035877
נק 58 0,000090473
נר 88 0,000137270
נש 21 0,000032758
נ 863 0,001346178
נ 320 0,000499162
נ‎ 9 0,000014039
נ‏ 73 0,000113871
נ 674 0,001051361
ס  1983 0,003093247
סא 914 0,001425732
סב 36 0,000056156
סג 863 0,001346178
סד 24 0,000037437
סה 132 0,000205904
סו 2054 0,003203998
סז 13 0,000020278
סח 4 0,000006240
סט 958 0,001494367
סי 0 0,000000000
סך 1861 0,002902941
סכ 1999 0,003118205
סל 545 0,000850136
סם 635 0,000990525
סמ 1580 0,002464614
סן 1284 0,002002889
סנ 180 0,000280779
סס 397 0,000619273
סע 7073 0,011033048
סף 413 0,000644231
ספ 35 0,000054596
סץ 116 0,000180946
סצ 39 0,000060835
סק 201 0,000313536
סר 42 0,000065515
סש 0 0,000000000
ס 269 0,000419608
ס 2212 0,003450460
ס‎ 5 0,000007799
ס‏ 108 0,000168467
ס 2620 0,004086892
ע  3526 0,005500145
עא 3428 0,005347277
עב 279 0,000435207
עג 1506 0,002349183
עד 10 0,000015599
עה 91 0,000141949
עו 3088 0,004816917
עז 2 0,000003120
עח 2 0,000003120
עט 2335 0,003642325
עי 0 0,000000000
עך 456 0,000711306
עכ 130 0,000202785
על 50 0,000077994
עם 738 0,001151193
עמ 9560 0,014912475
ען 87 0,000135710
ענ 2640 0,004118090
עס 778 0,001213588
עע 50 0,000077994
עף 804 0,001254145
עפ 3 0,000004680
עץ 17 0,000026518
עצ 26 0,000040557
עק 117 0,000182506
ער 8 0,000012479
עש 13 0,000020278
ע 1182 0,001843781
ע 3891 0,006069502
ע‎ 1 0,000001560
ע‏ 26 0,000040557
ע 331 0,000516321
ף  3452 0,005384714
ףא 60 0,000093593
ףב 295 0,000460165
ףג 453 0,000706627
ףד 644 0,001004564
ףה 975 0,001520885
ףו 148 0,000230863
ףז 825 0,001286903
ףח 177 0,000276099
ףט 253 0,000394650
ףי 60 0,000093593
ףך 480 0,000748744
ףכ 851 0,001327460
ףל 548 0,000854816
ףם 179 0,000279219
ףמ 4 0,000006240
ףן 416 0,000648911
ףנ 501 0,000781501
ףס 773 0,001205789
ףע 989 0,001542724
ףף 2 0,000003120
ףפ 10 0,000015599
ףץ 221 0,000344734
ףצ 5 0,000007799
ףק 525 0,000818938
ףר 424 0,000661390
ףש 323 0,000503842
ף 0 0,000000000
ף 0 0,000000000
ף‎ 13 0,000020278
ף‏ 690 0,001076319
ף 63 0,000098273
פ  70 0,000109192
פא 144 0,000224623
פב 0 0,000000000
פג 0 0,000000000
פד 0 0,000000000
פה 0 0,000000000
פו 90 0,000140389
פז 0 0,000000000
פח 0 0,000000000
פט 184 0,000287018
פי 0 0,000000000
פך 0 0,000000000
פכ 27 0,000042117
פל 1 0,000001560
פם 1 0,000001560
פמ 286 0,000446126
פן 0 0,000000000
פנ 52 0,000081114
פס 1 0,000001560
פע 6 0,000009359
פף 59 0,000092033
פפ 7 0,000010919
פץ 0 0,000000000
פצ 0 0,000000000
פק 0 0,000000000
פר 1 0,000001560
פש 0 0,000000000
פ 12 0,000018719
פ 0 0,000000000
פ‎ 0 0,000000000
פ‏ 0 0,000000000
פ 0 0,000000000
ץ  2168 0,003381825
ץא 169 0,000263620
ץב 0 0,000000000
ץג 103 0,000160668
ץד 2 0,000003120
ץה 0 0,000000000
ץו 49 0,000076434
ץז 0 0,000000000
ץח 0 0,000000000
ץט 106 0,000165348
ץי 0 0,000000000
ץך 1 0,000001560
ץכ 69 0,000107632
ץל 26 0,000040557
ץם 113 0,000176267
ץמ 1392 0,002171356
ץן 0 0,000000000
ץנ 87 0,000135710
ץס 53 0,000082674
ץע 13 0,000020278
ץף 76 0,000118551
ץפ 0 0,000000000
ץץ 0 0,000000000
ץצ 0 0,000000000
ץק 0 0,000000000
ץר 9 0,000014039
ץש 0 0,000000000
ץ 3 0,000004680
ץ 0 0,000000000
ץ‎ 1 0,000001560
ץ‏ 0 0,000000000
ץ 0 0,000000000
צ  148 0,000230863
צא 356 0,000555318
צב 2 0,000003120
צג 49 0,000076434
צד 0 0,000000000
צה 2 0,000003120
צו 540 0,000842336
צז 0 0,000000000
צח 0 0,000000000
צט 579 0,000903172
צי 0 0,000000000
צך 11 0,000017159
צכ 0 0,000000000
צל 0 0,000000000
צם 1 0,000001560
צמ 107 0,000166907
צן 0 0,000000000
צנ 0 0,000000000
צס 1 0,000001560
צע 0 0,000000000
צף 81 0,000126350
צפ 0 0,000000000
צץ 0 0,000000000
צצ 0 0,000000000
צק 0 0,000000000
צר 0 0,000000000
צש 0 0,000000000
צ 112 0,000174707
צ 0 0,000000000
צ‎ 0 0,000000000
צ‏ 0 0,000000000
צ 0 0,000000000
ק  30 0,000046796
קא 1089 0,001698712
קב 0 0,000000000
קג 4 0,000006240
קד 0 0,000000000
קה 0 0,000000000
קו 2311 0,003604888
קז 0 0,000000000
קח 0 0,000000000
קט 904 0,001410134
קי 0 0,000000000
קך 228 0,000355653
קכ 56 0,000087353
קל 0 0,000000000
קם 602 0,000939049
קמ 38 0,000059276
קן 0 0,000000000
קנ 11 0,000017159
קס 0 0,000000000
קע 2555 0,003985499
קף 406 0,000633312
קפ 0 0,000000000
קץ 0 0,000000000
קצ 1 0,000001560
קק 0 0,000000000
קר 64 0,000099832
קש 0 0,000000000
ק 0 0,000000000
ק 162 0,000252701
ק‎ 0 0,000000000
ק‏ 0 0,000000000
ק 0 0,000000000
ר  25 0,000038997
רא 422 0,000658270
רב 0 0,000000000
רג 25 0,000038997
רד 0 0,000000000
רה 0 0,000000000
רו 1208 0,001884338
רז 0 0,000000000
רח 0 0,000000000
רט 909 0,001417933
רי 0 0,000000000
רך 403 0,000628633
רכ 340 0,000530360
רל 14 0,000021838
רם 240 0,000374372
רמ 102 0,000159108
רן 15 0,000023398
רנ 10 0,000015599
רס 0 0,000000000
רע 52 0,000081114
רף 109 0,000170027
רפ 1 0,000001560
רץ 0 0,000000000
רצ 3 0,000004680
רק 0 0,000000000
רר 0 0,000000000
רש 0 0,000000000
ר 0 0,000000000
ר 722 0,001126235
ר‎ 0 0,000000000
ר‏ 0 0,000000000
ר 0 0,000000000
ש  3 0,000004680
שא 288 0,000449246
שב 0 0,000000000
שג 0 0,000000000
שד 0 0,000000000
שה 1 0,000001560
שו 1112 0,001734589
שז 0 0,000000000
שח 0 0,000000000
שט 637 0,000993645
שי 0 0,000000000
שך 0 0,000000000
שכ 0 0,000000000
של 0 0,000000000
שם 40 0,000062395
שמ 4 0,000006240
שן 0 0,000000000
שנ 10 0,000015599
שס 0 0,000000000
שע 0 0,000000000
שף 167 0,000260500
שפ 0 0,000000000
שץ 0 0,000000000
שצ 0 0,000000000
שק 0 0,000000000
שר 0 0,000000000
שש 0 0,000000000
ש 0 0,000000000
ש 23 0,000035877
ש‎ 0 0,000000000
ש‏ 0 0,000000000
ש 0 0,000000000
  3261 0,005086776
א 0 0,000000000
ב 148 0,000230863
ג 710 0,001107516
ד 107 0,000166907
ה 108 0,000168467
ו 864 0,001347738
ז 45 0,000070195
ח 56 0,000087353
ט 8 0,000012479
י 860 0,001341499
ך 101 0,000157548
כ 1033 0,001611358
ל 914 0,001425732
ם 51 0,000079554
מ 0 0,000000000
ן 89 0,000138830
נ 172 0,000268300
ס 425 0,000662950
ע 550 0,000857935
ף 5 0,000007799
פ 0 0,000000000
ץ 716 0,001116876
צ 1 0,000001560
ק 88 0,000137270
ר 253 0,000394650
ש 8 0,000012479
 0 0,000000000
 0 0,000000000
‎ 0 0,000000000
‏ 0 0,000000000
 55 0,000085794
  7433 0,011594606
א 0 0,000000000
ב 26 0,000040557
ג 4 0,000006240
ד 6 0,000009359
ה 16 0,000024958
ו 142 0,000221503
ז 0 0,000000000
ח 94 0,000146629
ט 30 0,000046796
י 0 0,000000000
ך 525 0,000818938
כ 0 0,000000000
ל 81 0,000126350
ם 844 0,001316541
מ 3 0,000004680
ן 3 0,000004680
נ 0 0,000000000
ס 757 0,001180831
ע 49 0,000076434
ף 0 0,000000000
פ 10 0,000015599
ץ 0 0,000000000
צ 45 0,000070195
ק 11 0,000017159
ר 386 0,000602115
ש 3 0,000004680
 0 0,000000000
 0 0,000000000
‎ 0 0,000000000
‏ 270 0,000421168
 111 0,000173147
‎  1 0,000001560
‎א 0 0,000000000
‎ב 1 0,000001560
‎ג 14 0,000021838
‎ד 3 0,000004680
‎ה 15 0,000023398
‎ו 0 0,000000000
‎ז 0 0,000000000
‎ח 1 0,000001560
‎ט 0 0,000000000
‎י 2 0,000003120
‎ך 247 0,000385291
‎כ 30 0,000046796
‎ל 16 0,000024958
‎ם 22 0,000034317
‎מ 0 0,000000000
‎ן 15 0,000023398
‎נ 9 0,000014039
‎ס 3 0,000004680
‎ע 1664 0,002595644
‎ף 1 0,000001560
‎פ 18 0,000028078
‎ץ 10 0,000015599
‎צ 0 0,000000000
‎ק 0 0,000000000
‎ר 1 0,000001560
‎ש 0 0,000000000
‎ 0 0,000000000
‎ 0 0,000000000
‎‎ 0 0,000000000
‎‏ 0 0,000000000
‎ 0 0,000000000
‏  1458 0,002274308
‏א 0 0,000000000
‏ב 119 0,000185626
‏ג 4 0,000006240
‏ד 3 0,000004680
‏ה 239 0,000372812
‏ו 2 0,000003120
‏ז 166 0,000258940
‏ח 48 0,000074874
‏ט 1 0,000001560
‏י 5 0,000007799
‏ך 35 0,000054596
‏כ 3 0,000004680
‏ל 20 0,000031198
‏ם 13 0,000020278
‏מ 2 0,000003120
‏ן 3 0,000004680
‏נ 19 0,000029638
‏ס 67 0,000104512
‏ע 291 0,000453926
‏ף 0 0,000000000
‏פ 0 0,000000000
‏ץ 7 0,000010919
‏צ 12 0,000018719
‏ק 75 0,000116991
‏ר 10 0,000015599
‏ש 484 0,000754983
‏ 0 0,000000000
‏ 0 0,000000000
‏‎ 0 0,000000000
‏‏ 14 0,000021838
‏ 0 0,000000000
  6881 0,010733550
א 0 0,000000000
ב 14 0,000021838
ג 207 0,000322896
ד 57 0,000088913
ה 424 0,000661390
ו 119 0,000185626
ז 76 0,000118551
ח 154 0,000240222
ט 4 0,000006240
י 13 0,000020278
ך 318 0,000496043
כ 435 0,000678549
ל 278 0,000433647
ם 287 0,000447686
מ 0 0,000000000
ן 8 0,000012479
נ 50 0,000077994
ס 291 0,000453926
ע 627 0,000978046
ף 0 0,000000000
פ 0 0,000000000
ץ 118 0,000184066
צ 40 0,000062395
ק 44 0,000068635
ר 7 0,000010919
ש 211 0,000329135
 0 0,000000000
 0 0,000000000
‎ 0 0,000000000
‏ 73 0,000113871
 55 0,000085794
