1 2 538926 0
אא 104 0,000192976
אב 930 0,001725654
אג 2682 0,004976565
אד 657 0,001219091
אה 1549 0,002874235
או 1231 0,002284173
אז 803 0,001490001
אח 2287 0,004243625
אט 769 0,001426912
אי 295 0,000547385
אך 3152 0,005848669
אכ 5114 0,009489244
אל 2244 0,004163837
אם 3539 0,006566764
אמ 807 0,001497423
אן 1626 0,003017112
אנ 1389 0,002577348
אס 3472 0,006442443
אע 3344 0,006204933
אף 611 0,001133736
אפ 276 0,000512130
אץ 697 0,001293313
אצ 220 0,000408219
אק 912 0,001692255
אר 428 0,000794172
אש 228 0,000423064
א 0 0,000000000
א 0 0,000000000
א‎ 227 0,000421208
א‏ 655 0,001215380
א 1498 0,002779602
בא 489 0,000907360
בב 4 0,000007422
בג 24 0,000044533
בד 6 0,000011133
בה 13 0,000024122
בו 1098 0,002037385
בז 12 0,000022267
בח 5 0,000009278
בט 927 0,001720088
בי 0 0,000000000
בך 74 0,000137310
בכ 466 0,000864683
בל 20 0,000037111
בם 182 0,000337709
במ 1441 0,002673836
בן 21 0,000038966
בנ 780 0,001447323
בס 124 0,000230087
בע 9 0,000016700
בף 543 0,001007559
בפ 0 0,000000000
בץ 31 0,000057522
בצ 0 0,000000000
בק 2 0,000003711
בר 26 0,000048244
בש 123 0,000228232
ב 2141 0,003972716
ב 17 0,000031544
ב‎ 53 0,000098344
ב‏ 3 0,000005567
ב 322 0,000597485
גא 3515 0,006522231
גב 139 0,000257920
גג 233 0,000432341
גד 184 0,000341420
גה 386 0,000716239
גו 2974 0,005518383
גז 23 0,000042677
גח 391 0,000725517
גט 1963 0,003642430
גי 0 0,000000000
גך 504 0,000935193
גכ 577 0,001070648
גל 230 0,000426775
גם 1192 0,002211806
גמ 3836 0,007117860
גן 571 0,001059515
גנ 687 0,001274758
גס 1897 0,003519964
גע 447 0,000829427
גף 466 0,000864683
גפ 26 0,000048244
גץ 64 0,000118755
גצ 42 0,000077933
גק 108 0,000200399
גר 545 0,001011271
גש 6 0,000011133
ג 1389 0,002577348
ג 87 0,000161432
ג‎ 139 0,000257920
ג‏ 46 0,000085355
ג 172 0,000319153
דא 736 0,001365679
דב 31 0,000057522
דג 66 0,000122466
דד 13 0,000024122
דה 712 0,001321146
דו 219 0,000406364
דז 1 0,000001856
דח 16 0,000029689
דט 491 0,000911071
די 0 0,000000000
דך 85 0,000157721
דכ 911 0,001690399
דל 27 0,000050100
דם 256 0,000475019
דמ 4065 0,007542780
דן 65 0,000120610
דנ 1033 0,001916775
דס 53 0,000098344
דע 27 0,000050100
דף 316 0,000586351
דפ 1 0,000001856
דץ 3 0,000005567
דצ 0 0,000000000
דק 41 0,000076077
דר 5 0,000009278
דש 0 0,000000000
ד 0 0,000000000
ד 0 0,000000000
ד‎ 9 0,000016700
ד‏ 1 0,000001856
ד 4 0,000007422
הא 2831 0,005253040
הב 34 0,000063088
הג 583 0,001081781
הד 48 0,000089066
הה 53 0,000098344
הו 2851 0,005290151
הז 139 0,000257920
הח 26 0,000048244
הט 1612 0,002991134
הי 0 0,000000000
הך 222 0,000411930
הכ 417 0,000773761
הל 46 0,000085355
הם 1124 0,002085630
המ 2190 0,004063637
הן 115 0,000213387
הנ 612 0,001135592
הס 319 0,000591918
הע 217 0,000402653
הף 808 0,001499278
הפ 4 0,000007422
הץ 30 0,000055666
הצ 111 0,000205965
הק 55 0,000102055
הר 45 0,000083499
הש 0 0,000000000
ה 412 0,000764483
ה 195 0,000361831
ה‎ 12 0,000022267
ה‏ 20 0,000037111
ה 213 0,000395231
וא 209 0,000387808
וב 1354 0,002512404
וג 1987 0,003686963
וד 2133 0,003957872
וה 2544 0,004720500
וו 1181 0,002191395
וז 618 0,001146725
וח 1210 0,002245206
וט 811 0,001504845
וי 1586 0,002942890
וך 1587 0,002944746
וכ 3212 0,005960002
ול 3177 0,005895058
ום 5961 0,011060888
ומ 1056 0,001959453
ון 1931 0,003583052
ונ 4203 0,007798844
וס 3958 0,007344237
וע 3974 0,007373925
וף 424 0,000786750
ופ 81 0,000150299
וץ 362 0,000671706
וצ 171 0,000317298
וק 1007 0,001868531
ור 807 0,001497423
וש 498 0,000924060
ו 0 0,000000000
ו 0 0,000000000
ו‎ 199 0,000369253
ו‏ 62 0,000115044
ו 192 0,000356264
זא 665 0,001233936
זב 19 0,000035255
זג 13 0,000024122
זד 9 0,000016700
זה 497 0,000922205
זו 2109 0,003913339
זז 5 0,000009278
זח 4 0,000007422
זט 822 0,001525256
זי 0 0,000000000
זך 68 0,000126177
זכ 7 0,000012989
זל 5 0,000009278
זם 749 0,001389801
זמ 57 0,000105766
זן 11 0,000020411
זנ 4 0,000007422
זס 12 0,000022267
זע 10 0,000018555
זף 163 0,000302453
זפ 0 0,000000000
זץ 3 0,000005567
זצ 0 0,000000000
זק 22 0,000040822
זר 0 0,000000000
זש 0 0,000000000
ז 0 0,000000000
ז 43 0,000079788
ז‎ 3 0,000005567
ז‏ 0 0,000000000
ז 6 0,000011133
חא 3084 0,005722492
חב 133 0,000246787
חג 663 0,001230225
חד 271 0,000502852
חה 660 0,001224658
חו 309 0,000573363
חז 50 0,000092777
חח 83 0,000154010
חט 313 0,000580785
חי 0 0,000000000
חך 193 0,000358120
חכ 173 0,000321009
חל 377 0,000699539
חם 1201 0,002228506
חמ 715 0,001326713
חן 107 0,000198543
חנ 260 0,000482441
חס 91 0,000168854
חע 73 0,000135455
חף 301 0,000558518
חפ 7 0,000012989
חץ 3 0,000005567
חצ 27 0,000050100
חק 28 0,000051955
חר 11 0,000020411
חש 0 0,000000000
ח 284 0,000526974
ח 93 0,000172565
ח‎ 32 0,000059377
ח‏ 5 0,000009278
ח 103 0,000191121
טא 277 0,000513985
טב 678 0,001258058
טג 2578 0,004783588
טד 551 0,001022404
טה 1476 0,002738781
טו 1876 0,003480997
טז 285 0,000528830
טח 1800 0,003339976
טט 1274 0,002363961
טי 644 0,001194969
טך 1948 0,003614596
טכ 3199 0,005935880
טל 2074 0,003848395
טם 2973 0,005516527
טמ 1111 0,002061507
טן 1442 0,002675692
טנ 1174 0,002178407
טס 2954 0,005481272
טע 3124 0,005796714
טף 278 0,000515841
טפ 84 0,000155866
טץ 1231 0,002284173
טצ 728 0,001350835
טק 1018 0,001888942
טר 602 0,001117036
טש 101 0,000187410
ט 0 0,000000000
ט 0 0,000000000
ט‎ 198 0,000367397
ט‏ 220 0,000408219
ט 1205 0,002235929
יא 84 0,000155866
יב 149 0,000276476
יג 394 0,000731084
יד 114 0,000211532
יה 264 0,000489863
יו 60 0,000111333
יז 58 0,000107621
יח 171 0,000317298
יט 319 0,000591918
יי 0 0,000000000
יך 309 0,000573363
יכ 109 0,000202254
יל 261 0,000484297
ים 563 0,001044670
ימ 303 0,000562229
ין 501 0,000929627
ינ 172 0,000319153
יס 907 0,001682977
יע 382 0,000708817
יף 94 0,000174421
יפ 34 0,000063088
יץ 39 0,000072366
יצ 31 0,000057522
יק 193 0,000358120
יר 79 0,000146588
יש 5 0,000009278
י 0 0,000000000
י 0 0,000000000
י‎ 108 0,000200399
י‏ 8 0,000014844
י 38 0,000070511
ךא 4182 0,007759878
ךב 132 0,000244932
ךג 306 0,000567796
ךד 63 0,000116899
ךה 96 0,000178132
ךו 452 0,000838705
ךז 56 0,000103910
ךח 77 0,000142877
ךט 1744 0,003236066
ךי 0 0,000000000
ךך 131 0,000243076
ךכ 448 0,000831283
ךל 138 0,000256065
ךם 433 0,000803450
ךמ 5296 0,009826952
ךן 204 0,000378531
ךנ 1155 0,002143151
ךס 667 0,001237647
ךע 777 0,001441756
ךף 1196 0,002219229
ךפ 7 0,000012989
ךץ 10 0,000018555
ךצ 69 0,000128032
ךק 126 0,000233798
ךר 21 0,000038966
ךש 0 0,000000000
ך 0 0,000000000
ך 0 0,000000000
ך‎ 57 0,000105766
ך‏ 8 0,000014844
ך 28 0,000051955
כא 4507 0,008362929
כב 106 0,000196687
כג 245 0,000454608
כד 149 0,000276476
כה 95 0,000176277
כו 2789 0,005175108
כז 215 0,000398942
כח 89 0,000165143
כט 4727 0,008771149
כי 0 0,000000000
כך 394 0,000731084
ככ 166 0,000308020
כל 105 0,000194832
כם 521 0,000966738
כמ 4393 0,008151397
כן 248 0,000460174
כנ 51 0,000094633
כס 970 0,001799876
כע 157 0,000291320
כף 814 0,001510412
כפ 9 0,000016700
כץ 19 0,000035255
כצ 7 0,000012989
כק 262 0,000486152
כר 16 0,000029689
כש 5 0,000009278
כ 378 0,000701395
כ 2656 0,004928320
כ‎ 53 0,000098344
כ‏ 560 0,001039104
כ 1105 0,002050374
לא 1668 0,003095045
לב 192 0,000356264
לג 406 0,000753350
לד 128 0,000237509
לה 269 0,000499141
לו 2462 0,004568345
לז 54 0,000100199
לח 129 0,000239365
לט 2172 0,004030238
לי 0 0,000000000
לך 347 0,000643873
לכ 209 0,000387808
לל 208 0,000385953
לם 1263 0,002343550
למ 2777 0,005152841
לן 658 0,001220947
לנ 138 0,000256065
לס 572 0,001061370
לע 275 0,000510274
לף 1412 0,002620026
לפ 34 0,000063088
לץ 51 0,000094633
לצ 15 0,000027833
לק 267 0,000495430
לר 19 0,000035255
לש 4 0,000007422
ל 792 0,001469590
ל 32 0,000059377
ל‎ 60 0,000111333
ל‏ 7 0,000012989
ל 346 0,000642018
םא 6722 0,012472956
םב 87 0,000161432
םג 189 0,000350697
םד 53 0,000098344
םה 208 0,000385953
םו 6273 0,011639817
םז 15 0,000027833
םח 99 0,000183699
םט 5509 0,010222183
םי 0 0,000000000
םך 285 0,000528830
םכ 20 0,000037111
םל 46 0,000085355
םם 2051 0,003805717
םמ 6534 0,012124114
םן 233 0,000432341
םנ 153 0,000283898
םס 448 0,000831283
םע 1234 0,002289739
םף 1592 0,002954023
םפ 48 0,000089066
םץ 17 0,000031544
םצ 135 0,000250498
םק 138 0,000256065
םר 10 0,000018555
םש 37 0,000068655
ם 2612 0,004846677
ם 397 0,000736650
ם‎ 20 0,000037111
ם‏ 88 0,000163288
ם 810 0,001502989
מא 123 0,000228232
מב 3022 0,005607449
מג 5399 0,010018073
מד 3460 0,006420176
מה 3387 0,006284722
מו 1589 0,002948457
מז 1448 0,002686825
מח 1434 0,002660848
מט 1186 0,002200673
מי 2289 0,004247336
מך 1989 0,003690674
מכ 4275 0,007932443
מל 4143 0,007687512
מם 5611 0,010411448
ממ 1222 0,002267473
מן 2556 0,004742766
מנ 3330 0,006178956
מס 5428 0,010071884
מע 5553 0,010303826
מף 391 0,000725517
מפ 107 0,000198543
מץ 452 0,000838705
מצ 110 0,000204110
מק 1758 0,003262043
מר 478 0,000886949
מש 227 0,000421208
מ 0 0,000000000
מ 0 0,000000000
מ‎ 318 0,000590062
מ‏ 78 0,000144732
מ 607 0,001126314
ןא 851 0,001579067
ןב 0 0,000000000
ןג 3 0,000005567
ןד 0 0,000000000
ןה 5 0,000009278
ןו 1501 0,002785169
ןז 0 0,000000000
ןח 1 0,000001856
ןט 647 0,001200536
ןי 0 0,000000000
ןך 89 0,000165143
ןכ 565 0,001048381
ןל 4 0,000007422
ןם 113 0,000209676
ןמ 6147 0,011406018
ןן 53 0,000098344
ןנ 4396 0,008156964
ןס 120 0,000222665
ןע 85 0,000157721
ןף 511 0,000948182
ןפ 0 0,000000000
ןץ 0 0,000000000
ןצ 0 0,000000000
ןק 9 0,000016700
ןר 2 0,000003711
ןש 0 0,000000000
ן 315 0,000584496
ן 27 0,000050100
ן‎ 1 0,000001856
ן‏ 4 0,000007422
ן 94 0,000174421
נא 4801 0,008908459
נב 39 0,000072366
נג 284 0,000526974
נד 125 0,000231943
נה 120 0,000222665
נו 4379 0,008125420
נז 188 0,000348842
נח 27 0,000050100
נט 2981 0,005531372
ני 0 0,000000000
נך 204 0,000378531
נכ 82 0,000152154
נל 201 0,000372964
נם 716 0,001328568
נמ 5109 0,009479966
נן 109 0,000202254
ננ 73 0,000135455
נס 181 0,000335853
נע 372 0,000690262
נף 1470 0,002727647
נפ 4 0,000007422
נץ 129 0,000239365
נצ 26 0,000048244
נק 63 0,000116899
נר 96 0,000178132
נש 22 0,000040822
נ 891 0,001653288
נ 313 0,000580785
נ‎ 15 0,000027833
נ‏ 70 0,000129888
נ 650 0,001206103
סא 972 0,001803587
סב 106 0,000196687
סג 950 0,001762765
סד 86 0,000159577
סה 230 0,000426775
סו 2099 0,003894783
סז 26 0,000048244
סח 49 0,000090922
סט 1104 0,002048519
סי 0 0,000000000
סך 2016 0,003740773
סכ 2084 0,003866950
סל 605 0,001122603
סם 890 0,001651433
סמ 1753 0,003252766
סן 1434 0,002660848
סנ 235 0,000436052
סס 523 0,000970449
סע 7109 0,013191050
סף 516 0,000957460
ספ 35 0,000064944
סץ 125 0,000231943
סצ 51 0,000094633
סק 257 0,000476874
סר 59 0,000109477
סש 2 0,000003711
ס 254 0,000471308
ס 2123 0,003939316
ס‎ 70 0,000129888
ס‏ 100 0,000185554
ס 2535 0,004703800
עא 3468 0,006435021
עב 386 0,000716239
עג 1829 0,003393787
עד 60 0,000111333
עה 248 0,000460174
עו 3129 0,005805992
עז 56 0,000103910
עח 91 0,000168854
עט 2527 0,004688955
עי 0 0,000000000
עך 655 0,001215380
עכ 215 0,000398942
על 183 0,000339564
עם 1106 0,002052230
עמ 9863 0,018301213
ען 443 0,000822005
ענ 2658 0,004932032
עס 1122 0,002081919
עע 251 0,000465741
עף 967 0,001794309
עפ 19 0,000035255
עץ 24 0,000044533
עצ 45 0,000083499
עק 250 0,000463886
ער 23 0,000042677
עש 17 0,000031544
ע 1173 0,002176551
ע 3864 0,007169816
ע‎ 89 0,000165143
ע‏ 34 0,000063088
ע 357 0,000662429
ףא 115 0,000213387
ףב 404 0,000749639
ףג 735 0,001363824
ףד 696 0,001291457
ףה 1120 0,002078207
ףו 169 0,000313587
ףז 857 0,001590200
ףח 239 0,000443475
ףט 505 0,000937049
ףי 65 0,000120610
ףך 695 0,001289602
ףכ 946 0,001755343
ףל 688 0,001276613
ףם 718 0,001332279
ףמ 242 0,000449041
ףן 710 0,001317435
ףנ 579 0,001074359
ףס 1088 0,002018830
ףע 1170 0,002170984
ףף 75 0,000139166
ףפ 17 0,000031544
ףץ 272 0,000504708
ףצ 8 0,000014844
ףק 778 0,001443612
ףר 426 0,000790461
ףש 308 0,000571507
ף 0 0,000000000
ף 0 0,000000000
ף‎ 55 0,000102055
ף‏ 682 0,001265480
ף 99 0,000183699
פא 121 0,000224521
פב 4 0,000007422
פג 6 0,000011133
פד 1 0,000001856
פה 1 0,000001856
פו 92 0,000170710
פז 0 0,000000000
פח 5 0,000009278
פט 196 0,000363686
פי 0 0,000000000
פך 7 0,000012989
פכ 25 0,000046389
פל 2 0,000003711
פם 11 0,000020411
פמ 292 0,000541818
פן 13 0,000024122
פנ 49 0,000090922
פס 13 0,000024122
פע 11 0,000020411
פף 53 0,000098344
פפ 13 0,000024122
פץ 1 0,000001856
פצ 0 0,000000000
פק 0 0,000000000
פר 0 0,000000000
פש 0 0,000000000
פ 15 0,000027833
פ 1 0,000001856
פ‎ 1 0,000001856
פ‏ 0 0,000000000
פ 0 0,000000000
ץא 196 0,000363686
ץב 75 0,000139166
ץג 275 0,000510274
ץד 42 0,000077933
ץה 131 0,000243076
ץו 67 0,000124321
ץז 24 0,000044533
ץח 64 0,000118755
ץט 256 0,000475019
ץי 0 0,000000000
ץך 154 0,000285754
ץכ 138 0,000256065
ץל 105 0,000194832
ץם 302 0,000560374
ץמ 1511 0,002803724
ץן 262 0,000486152
ץנ 157 0,000291320
ץס 276 0,000512130
ץע 106 0,000196687
ץף 130 0,000241221
ץפ 19 0,000035255
ץץ 8 0,000014844
ץצ 9 0,000016700
ץק 52 0,000096488
ץר 26 0,000048244
ץש 1 0,000001856
ץ 5 0,000009278
ץ 0 0,000000000
ץ‎ 32 0,000059377
ץ‏ 2 0,000003711
ץ 20 0,000037111
צא 377 0,000699539
צב 7 0,000012989
צג 62 0,000115044
צד 4 0,000007422
צה 9 0,000016700
צו 530 0,000983437
צז 0 0,000000000
צח 3 0,000005567
צט 635 0,001178269
צי 0 0,000000000
צך 20 0,000037111
צכ 2 0,000003711
צל 8 0,000014844
צם 11 0,000020411
צמ 114 0,000211532
צן 16 0,000029689
צנ 9 0,000016700
צס 18 0,000033400
צע 7 0,000012989
צף 93 0,000172565
צפ 0 0,000000000
צץ 1 0,000001856
צצ 0 0,000000000
צק 2 0,000003711
צר 0 0,000000000
צש 0 0,000000000
צ 128 0,000237509
צ 0 0,000000000
צ‎ 1 0,000001856
צ‏ 0 0,000000000
צ 4 0,000007422
קא 1121 0,002080063
קב 0 0,000000000
קג 13 0,000024122
קד 0 0,000000000
קה 1 0,000001856
קו 2342 0,004345680
קז 0 0,000000000
קח 2 0,000003711
קט 920 0,001707099
קי 0 0,000000000
קך 220 0,000408219
קכ 40 0,000074222
קל 0 0,000000000
קם 607 0,001126314
קמ 42 0,000077933
קן 1 0,000001856
קנ 10 0,000018555
קס 2 0,000003711
קע 2549 0,004729778
קף 392 0,000727373
קפ 3 0,000005567
קץ 1 0,000001856
קצ 0 0,000000000
קק 1 0,000001856
קר 63 0,000116899
קש 0 0,000000000
ק 0 0,000000000
ק 165 0,000306164
ק‎ 0 0,000000000
ק‏ 0 0,000000000
ק 0 0,000000000
רא 431 0,000799739
רב 5 0,000009278
רג 17 0,000031544
רד 1 0,000001856
רה 5 0,000009278
רו 1169 0,002169129
רז 0 0,000000000
רח 0 0,000000000
רט 913 0,001694110
רי 0 0,000000000
רך 402 0,000745928
רכ 324 0,000601196
רל 21 0,000038966
רם 239 0,000443475
רמ 103 0,000191121
רן 19 0,000035255
רנ 7 0,000012989
רס 3 0,000005567
רע 48 0,000089066
רף 94 0,000174421
רפ 0 0,000000000
רץ 0 0,000000000
רצ 3 0,000005567
רק 1 0,000001856
רר 0 0,000000000
רש 0 0,000000000
ר 0 0,000000000
ר 707 0,001311868
ר‎ 0 0,000000000
ר‏ 0 0,000000000
ר 0 0,000000000
שא 288 0,000534396
שב 0 0,000000000
שג 2 0,000003711
שד 0 0,000000000
שה 1 0,000001856
שו 1142 0,002119029
שז 0 0,000000000
שח 0 0,000000000
שט 658 0,001220947
שי 0 0,000000000
שך 0 0,000000000
שכ 0 0,000000000
של 0 0,000000000
שם 48 0,000089066
שמ 1 0,000001856
שן 1 0,000001856
שנ 11 0,000020411
שס 0 0,000000000
שע 0 0,000000000
שף 162 0,000300598
שפ 0 0,000000000
שץ 0 0,000000000
שצ 0 0,000000000
שק 0 0,000000000
שר 0 0,000000000
שש 0 0,000000000
ש 0 0,000000000
ש 25 0,000046389
ש‎ 0 0,000000000
ש‏ 0 0,000000000
ש 0 0,000000000
א 33 0,000061233
ב 250 0,000463886
ג 1007 0,001868531
ד 148 0,000274620
ה 243 0,000450897
ו 907 0,001682977
ז 50 0,000092777
ח 147 0,000272765
ט 305 0,000565940
י 817 0,001515978
ך 226 0,000419353
כ 1073 0,001990997
ל 983 0,001823998
ם 466 0,000864683
מ 243 0,000450897
ן 477 0,000885094
נ 226 0,000419353
ס 752 0,001395368
ע 673 0,001248780
ף 91 0,000168854
פ 3 0,000005567
ץ 759 0,001408357
צ 6 0,000011133
ק 153 0,000283898
ר 283 0,000525118
ש 13 0,000024122
 1 0,000001856
 0 0,000000000
‎ 66 0,000122466
‏ 3 0,000005567
 97 0,000179988
א 84 0,000155866
ב 224 0,000415641
ג 817 0,001515978
ד 136 0,000252354
ה 304 0,000564085
ו 435 0,000807161
ז 40 0,000074222
ח 308 0,000571507
ט 547 0,001014982
י 0 0,000000000
ך 968 0,001796165
כ 153 0,000283898
ל 332 0,000616040
ם 1633 0,003030101
מ 536 0,000994571
ן 674 0,001250635
נ 160 0,000296887
ס 1524 0,002827846
ע 401 0,000744072
ף 180 0,000333998
פ 20 0,000037111
ץ 64 0,000118755
צ 65 0,000120610
ק 361 0,000669851
ר 427 0,000792317
ש 5 0,000009278
 0 0,000000000
 0 0,000000000
‎ 167 0,000309876
‏ 282 0,000523263
 201 0,000372964
‎א 0 0,000000000
‎ב 0 0,000000000
‎ג 16 0,000029689
‎ד 2 0,000003711
‎ה 17 0,000031544
‎ו 0 0,000000000
‎ז 0 0,000000000
‎ח 2 0,000003711
‎ט 0 0,000000000
‎י 3 0,000005567
‎ך 227 0,000421208
‎כ 26 0,000048244
‎ל 18 0,000033400
‎ם 23 0,000042677
‎מ 0 0,000000000
‎ן 11 0,000020411
‎נ 12 0,000022267
‎ס 5 0,000009278
‎ע 1698 0,003150711
‎ף 1 0,000001856
‎פ 14 0,000025978
‎ץ 6 0,000011133
‎צ 0 0,000000000
‎ק 0 0,000000000
‎ר 1 0,000001856
‎ש 0 0,000000000
‎ 0 0,000000000
‎ 0 0,000000000
‎‎ 0 0,000000000
‎‏ 0 0,000000000
‎ 0 0,000000000
‏א 28 0,000051955
‏ב 155 0,000287609
‏ג 115 0,000213387
‏ד 39 0,000072366
‏ה 317 0,000588207
‏ו 34 0,000063088
‏ז 179 0,000332142
‏ח 91 0,000168854
‏ט 112 0,000207821
‏י 5 0,000009278
‏ך 151 0,000280187
‏כ 22 0,000040822
‏ל 78 0,000144732
‏ם 147 0,000272765
‏מ 104 0,000192976
‏ן 152 0,000282042
‏נ 65 0,000120610
‏ס 199 0,000369253
‏ע 345 0,000640162
‏ף 26 0,000048244
‏פ 16 0,000029689
‏ץ 18 0,000033400
‏צ 12 0,000022267
‏ק 146 0,000270909
‏ר 14 0,000025978
‏ש 486 0,000901794
‏ 0 0,000000000
‏ 0 0,000000000
‏‎ 37 0,000068655
‏‏ 22 0,000040822
‏ 20 0,000037111
א 77 0,000142877
ב 256 0,000475019
ג 1006 0,001866676
ד 170 0,000315442
ה 687 0,001274758
ו 247 0,000458319
ז 138 0,000256065
ח 408 0,000757061
ט 458 0,000849838
י 10 0,000018555
ך 692 0,001284035
כ 585 0,001085492
ל 477 0,000885094
ם 1136 0,002107896
מ 499 0,000925916
ן 723 0,001341557
נ 216 0,000400797
ס 942 0,001747921
ע 990 0,001836987
ף 185 0,000343275
פ 22 0,000040822
ץ 159 0,000295031
צ 62 0,000115044
ק 327 0,000606762
ר 28 0,000051955
ש 193 0,000358120
 0 0,000000000
 0 0,000000000
‎ 111 0,000205965
‏ 93 0,000172565
 120 0,000222665
