1 2 1077851 0
אא 234 0,000217099
אב 1847 0,001713595
אג 5362 0,004974714
אד 1351 0,001253420
אה 3048 0,002827849
או 2494 0,002313863
אז 1655 0,001535463
אח 4610 0,004277029
אט 1481 0,001374030
אי 598 0,000554808
אך 6359 0,005899702
אכ 10241 0,009501313
אל 4514 0,004187963
אם 7222 0,006700370
אמ 1609 0,001492785
אן 3388 0,003143292
אנ 2789 0,002587556
אס 6889 0,006391421
אע 6738 0,006251328
אף 1229 0,001140232
אפ 532 0,000493575
אץ 1331 0,001234865
אצ 454 0,000421209
אק 1817 0,001685762
אר 916 0,000849839
אש 452 0,000419353
א 0 0,000000000
א 0 0,000000000
א‎ 436 0,000404509
א‏ 1317 0,001221876
א 2992 0,002775894
בא 968 0,000898083
בב 6 0,000005567
בג 57 0,000052883
בד 8 0,000007422
בה 22 0,000020411
בו 2228 0,002067076
בז 24 0,000022267
בח 11 0,000010205
בט 1794 0,001664423
בי 0 0,000000000
בך 145 0,000134527
בכ 969 0,000899011
בל 47 0,000043605
בם 390 0,000361831
במ 2918 0,002707239
בן 39 0,000036183
בנ 1593 0,001477941
בס 239 0,000221738
בע 18 0,000016700
בף 1095 0,001015910
בפ 0 0,000000000
בץ 52 0,000048244
בצ 2 0,000001856
בק 4 0,000003711
בר 44 0,000040822
בש 260 0,000241221
ב 4127 0,003828915
ב 42 0,000038966
ב‎ 100 0,000092777
ב‏ 7 0,000006494
ב 668 0,000619752
גא 6913 0,006413688
גב 283 0,000262559
גג 444 0,000411931
גד 368 0,000341420
גה 745 0,000691190
גו 6043 0,005606527
גז 49 0,000045461
גח 787 0,000730157
גט 3968 0,003681399
גי 0 0,000000000
גך 979 0,000908289
גכ 1135 0,001053021
גל 465 0,000431414
גם 2467 0,002288813
גמ 7680 0,007125289
גן 1113 0,001032610
גנ 1373 0,001273831
גס 3814 0,003538522
גע 867 0,000804378
גף 894 0,000829428
גפ 43 0,000039894
גץ 134 0,000124321
גצ 86 0,000079788
גק 216 0,000200399
גר 1119 0,001038177
גש 13 0,000012061
ג 2828 0,002623739
ג 177 0,000164216
ג‎ 282 0,000261632
ג‏ 106 0,000098344
ג 353 0,000327504
דא 1425 0,001322075
דב 62 0,000057522
דג 130 0,000120610
דד 18 0,000016700
דה 1461 0,001355475
דו 438 0,000406364
דז 3 0,000002783
דח 37 0,000034328
דט 995 0,000923133
די 0 0,000000000
דך 175 0,000162360
דכ 1818 0,001686690
דל 53 0,000049172
דם 524 0,000486153
דמ 8266 0,007668964
דן 147 0,000136382
דנ 2036 0,001888944
דס 123 0,000114116
דע 57 0,000052883
דף 639 0,000592846
דפ 1 0,000000928
דץ 5 0,000004639
דצ 0 0,000000000
דק 84 0,000077933
דר 10 0,000009278
דש 1 0,000000928
ד 0 0,000000000
ד 0 0,000000000
ד‎ 14 0,000012989
ד‏ 1 0,000000928
ד 13 0,000012061
הא 5630 0,005223357
הב 65 0,000060305
הג 1138 0,001055805
הד 98 0,000090922
הה 126 0,000116899
הו 5897 0,005471072
הז 258 0,000239365
הח 60 0,000055666
הט 3298 0,003059792
הי 0 0,000000000
הך 474 0,000439764
הכ 849 0,000787678
הל 106 0,000098344
הם 2222 0,002061510
המ 4430 0,004110030
הן 242 0,000224521
הנ 1162 0,001078071
הס 574 0,000532541
הע 418 0,000387809
הף 1664 0,001543813
הפ 10 0,000009278
הץ 60 0,000055666
הצ 248 0,000230087
הק 95 0,000088138
הר 84 0,000077933
הש 0 0,000000000
ה 898 0,000833139
ה 388 0,000359976
ה‎ 33 0,000030616
ה‏ 37 0,000034328
ה 428 0,000397086
וא 427 0,000396159
וב 2743 0,002544879
וג 3971 0,003684183
וד 4203 0,003899426
וה 5109 0,004739987
וו 2488 0,002308297
וז 1225 0,001136521
וח 2444 0,002267475
וט 1578 0,001464024
וי 3125 0,002899288
וך 3134 0,002907638
וכ 6392 0,005930319
ול 6211 0,005762392
ום 11657 0,010815038
ומ 2032 0,001885233
ון 3868 0,003588622
ונ 8223 0,007629069
וס 7916 0,007344243
וע 7768 0,007206933
וף 866 0,000803451
ופ 169 0,000156793
וץ 747 0,000693046
וצ 361 0,000334926
וק 2040 0,001892655
ור 1580 0,001465880
וש 1005 0,000932411
ו 0 0,000000000
ו 0 0,000000000
ו‎ 429 0,000398014
ו‏ 133 0,000123394
ו 366 0,000339565
זא 1324 0,001228370
זב 34 0,000031544
זג 18 0,000016700
זד 15 0,000013917
זה 935 0,000867467
זו 4299 0,003988492
זז 11 0,000010205
זח 8 0,000007422
זט 1643 0,001524329
זי 0 0,000000000
זך 117 0,000108549
זכ 17 0,000015772
זל 11 0,000010205
זם 1551 0,001438974
זמ 127 0,000117827
זן 18 0,000016700
זנ 8 0,000007422
זס 21 0,000019483
זע 25 0,000023194
זף 328 0,000304309
זפ 0 0,000000000
זץ 5 0,000004639
זצ 0 0,000000000
זק 40 0,000037111
זר 0 0,000000000
זש 0 0,000000000
ז 0 0,000000000
ז 74 0,000068655
ז‎ 9 0,000008350
ז‏ 0 0,000000000
ז 8 0,000007422
חא 6066 0,005627865
חב 264 0,000244932
חג 1310 0,001215381
חד 527 0,000488936
חה 1279 0,001186620
חו 590 0,000547385
חז 112 0,000103910
חח 185 0,000171638
חט 676 0,000627174
חי 0 0,000000000
חך 355 0,000329359
חכ 321 0,000297815
חל 734 0,000680985
חם 2387 0,002214592
חמ 1385 0,001284964
חן 221 0,000205038
חנ 517 0,000479658
חס 184 0,000170710
חע 134 0,000124321
חף 564 0,000523263
חפ 12 0,000011133
חץ 7 0,000006494
חצ 52 0,000048244
חק 56 0,000051955
חר 23 0,000021339
חש 0 0,000000000
ח 498 0,000462030
ח 187 0,000173493
ח‎ 51 0,000047316
ח‏ 15 0,000013917
ח 196 0,000181843
טא 537 0,000498214
טב 1423 0,001320220
טג 5178 0,004804004
טד 1136 0,001053949
טה 2919 0,002708167
טו 3728 0,003458734
טז 532 0,000493575
טח 3697 0,003429973
טט 2545 0,002361180
טי 1301 0,001207031
טך 3927 0,003643361
טכ 6510 0,006039796
טל 4196 0,003892931
טם 5975 0,005543438
טמ 2299 0,002132948
טן 2853 0,002646934
טנ 2279 0,002114392
טס 5976 0,005544365
טע 6067 0,005628793
טף 590 0,000547385
טפ 167 0,000154938
טץ 2414 0,002239642
טצ 1507 0,001398152
טק 2102 0,001950177
טר 1133 0,001051166
טש 206 0,000191121
ט 0 0,000000000
ט 0 0,000000000
ט‎ 411 0,000381314
ט‏ 511 0,000474092
ט 2387 0,002214592
יא 160 0,000148444
יב 294 0,000272765
יג 760 0,000705107
יד 213 0,000197615
יה 573 0,000531613
יו 125 0,000115972
יז 115 0,000106694
יח 320 0,000296887
יט 604 0,000560374
יי 0 0,000000000
יך 649 0,000602124
יכ 214 0,000198543
יל 516 0,000478730
ים 1161 0,001077143
ימ 574 0,000532541
ין 978 0,000907361
ינ 342 0,000317298
יס 1796 0,001666279
יע 769 0,000713457
יף 205 0,000190193
יפ 75 0,000069583
יץ 78 0,000072366
יצ 53 0,000049172
יק 391 0,000362759
יר 179 0,000166071
יש 6 0,000005567
י 0 0,000000000
י 0 0,000000000
י‎ 212 0,000196688
י‏ 11 0,000010205
י 90 0,000083499
ךא 8365 0,007760813
ךב 267 0,000247715
ךג 607 0,000563158
ךד 131 0,000121538
ךה 176 0,000163288
ךו 886 0,000822006
ךז 116 0,000107622
ךח 160 0,000148444
ךט 3497 0,003244419
ךי 0 0,000000000
ךך 260 0,000241221
ךכ 907 0,000841489
ךל 263 0,000244004
ךם 862 0,000799740
ךמ 10643 0,009874278
ךן 405 0,000375748
ךנ 2302 0,002135731
ךס 1344 0,001246926
ךע 1560 0,001447324
ךף 2478 0,002299019
ךפ 14 0,000012989
ךץ 25 0,000023194
ךצ 128 0,000118755
ךק 259 0,000240293
ךר 36 0,000033400
ךש 0 0,000000000
ך 0 0,000000000
ך 0 0,000000000
ך‎ 122 0,000113188
ך‏ 17 0,000015772
ך 62 0,000057522
כא 9047 0,008393553
כב 214 0,000198543
כג 491 0,000455536
כד 332 0,000308020
כה 200 0,000185554
כו 5574 0,005171401
כז 425 0,000394303
כח 193 0,000179060
כט 9394 0,008715491
כי 0 0,000000000
כך 838 0,000777473
ככ 317 0,000294104
כל 209 0,000193904
כם 1050 0,000974161
כמ 8658 0,008032650
כן 503 0,000466669
כנ 104 0,000096488
כס 1909 0,001771117
כע 296 0,000274621
כף 1552 0,001439902
כפ 24 0,000022267
כץ 39 0,000036183
כצ 13 0,000012061
כק 514 0,000476875
כר 28 0,000025978
כש 8 0,000007422
כ 790 0,000732940
כ 5296 0,004913480
כ‎ 99 0,000091849
כ‏ 1067 0,000989933
כ 2210 0,002050376
לא 3389 0,003144219
לב 410 0,000380387
לג 789 0,000732012
לד 261 0,000242148
לה 506 0,000469453
לו 4986 0,004625871
לז 99 0,000091849
לח 254 0,000235654
לט 4171 0,003869737
לי 0 0,000000000
לך 730 0,000677274
לכ 415 0,000385025
לל 457 0,000423992
לם 2503 0,002322213
למ 5558 0,005156557
לן 1311 0,001216309
לנ 267 0,000247715
לס 1123 0,001041888
לע 565 0,000524191
לף 2811 0,002607967
לפ 70 0,000064944
לץ 94 0,000087211
לצ 28 0,000025978
לק 508 0,000471308
לר 38 0,000035255
לש 6 0,000005567
ל 1545 0,001433408
ל 57 0,000052883
ל‎ 124 0,000115044
ל‏ 16 0,000014844
ל 681 0,000631813
םא 13434 0,012463690
םב 169 0,000156793
םג 349 0,000323792
םד 123 0,000114116
םה 407 0,000377603
םו 12517 0,011612922
םז 41 0,000038039
םח 196 0,000181843
םט 11009 0,010213843
םי 0 0,000000000
םך 527 0,000488936
םכ 38 0,000035255
םל 84 0,000077933
םם 4095 0,003799226
םמ 13025 0,012084231
םן 467 0,000433270
םנ 311 0,000288537
םס 930 0,000862828
םע 2360 0,002189542
םף 3231 0,002997631
םפ 89 0,000082572
םץ 35 0,000032472
םצ 298 0,000276476
םק 285 0,000264415
םר 22 0,000020411
םש 85 0,000078861
ם 5010 0,004648138
ם 850 0,000788606
ם‎ 35 0,000032472
ם‏ 181 0,000167927
ם 1645 0,001526185
מא 203 0,000188338
מב 5975 0,005543438
מג 10832 0,010049626
מד 6729 0,006242978
מה 6717 0,006231845
מו 3209 0,002977220
מז 2873 0,002665489
מח 3012 0,002794449
מט 2457 0,002279536
מי 4587 0,004255690
מך 3928 0,003644289
מכ 8736 0,008105016
מל 8294 0,007694941
מם 11533 0,010699995
ממ 2471 0,002292525
מן 5104 0,004735348
מנ 6630 0,006151129
מס 10902 0,010114570
מע 11117 0,010314042
מף 775 0,000719023
מפ 229 0,000212460
מץ 878 0,000814584
מצ 218 0,000202254
מק 3506 0,003252769
מר 956 0,000886950
מש 433 0,000401725
מ 0 0,000000000
מ 0 0,000000000
מ‎ 636 0,000590063
מ‏ 161 0,000149371
מ 1231 0,001142087
ןא 1745 0,001618962
ןב 5 0,000004639
ןג 5 0,000004639
ןד 0 0,000000000
ןה 6 0,000005567
ןו 2998 0,002781461
ןז 0 0,000000000
ןח 2 0,000001856
ןט 1208 0,001120749
ןי 0 0,000000000
ןך 173 0,000160505
ןכ 1079 0,001001066
ןל 5 0,000004639
ןם 206 0,000191121
ןמ 12109 0,011234391
ןן 121 0,000112260
ןנ 8865 0,008224699
ןס 255 0,000236582
ןע 164 0,000152155
ןף 1048 0,000972305
ןפ 2 0,000001856
ןץ 1 0,000000928
ןצ 0 0,000000000
ןק 16 0,000014844
ןר 6 0,000005567
ןש 1 0,000000928
ן 642 0,000595630
ן 57 0,000052883
ן‎ 1 0,000000928
ן‏ 7 0,000006494
ן 203 0,000188338
נא 9591 0,008898261
נב 84 0,000077933
נג 540 0,000500997
נד 261 0,000242148
נה 220 0,000204110
נו 8874 0,008233049
נז 425 0,000394303
נח 68 0,000063088
נט 6010 0,005575910
ני 0 0,000000000
נך 423 0,000392448
נכ 163 0,000151227
נל 415 0,000385025
נם 1421 0,001318364
נמ 10150 0,009416886
נן 209 0,000193904
ננ 156 0,000144732
נס 352 0,000326576
נע 769 0,000713457
נף 2953 0,002739711
נפ 13 0,000012061
נץ 271 0,000251426
נצ 56 0,000051955
נק 130 0,000120610
נר 203 0,000188338
נש 39 0,000036183
נ 1795 0,001665351
נ 664 0,000616041
נ‎ 32 0,000029689
נ‏ 145 0,000134527
נ 1312 0,001217237
סא 1928 0,001788744
סב 219 0,000203182
סג 1941 0,001800805
סד 162 0,000150299
סה 459 0,000425847
סו 4143 0,003843759
סז 47 0,000043605
סח 95 0,000088138
סט 2138 0,001983577
סי 0 0,000000000
סך 3975 0,003687894
סכ 4176 0,003874376
סל 1245 0,001155076
סם 1829 0,001696895
סמ 3470 0,003219369
סן 2974 0,002759194
סנ 461 0,000427703
סס 1074 0,000996427
סע 14267 0,013236524
סף 998 0,000925916
ספ 84 0,000077933
סץ 259 0,000240293
סצ 90 0,000083499
סק 536 0,000497286
סר 116 0,000107622
סש 3 0,000002783
ס 500 0,000463886
ס 4349 0,004034881
ס‎ 137 0,000127105
ס‏ 226 0,000209676
ס 5137 0,004765965
עא 6939 0,006437810
עב 807 0,000748712
עג 3676 0,003410490
עד 147 0,000136382
עה 459 0,000425847
עו 6387 0,005925680
עז 108 0,000100199
עח 173 0,000160505
עט 5123 0,004752976
עי 0 0,000000000
עך 1269 0,001177343
עכ 456 0,000423064
על 361 0,000334926
עם 2301 0,002134803
עמ 19601 0,018185260
ען 824 0,000764484
ענ 5405 0,005014608
עס 2233 0,002071715
עע 524 0,000486153
עף 1892 0,001755345
עפ 45 0,000041750
עץ 51 0,000047316
עצ 85 0,000078861
עק 521 0,000483369
ער 36 0,000033400
עש 35 0,000032472
ע 2366 0,002195109
ע 7778 0,007216211
ע‎ 165 0,000153082
ע‏ 60 0,000055666
ע 743 0,000689335
ףא 227 0,000210604
ףב 804 0,000745929
ףג 1445 0,001340631
ףד 1380 0,001280325
ףה 2254 0,002091198
ףו 383 0,000355337
ףז 1694 0,001571646
ףח 496 0,000460175
ףט 1076 0,000998283
ףי 122 0,000113188
ףך 1340 0,001243214
ףכ 1844 0,001710812
ףל 1381 0,001281253
ףם 1366 0,001267337
ףמ 461 0,000427703
ףן 1413 0,001310942
ףנ 1126 0,001044671
ףס 2075 0,001925127
ףע 2391 0,002218303
ףף 141 0,000130816
ףפ 38 0,000035255
ףץ 500 0,000463886
ףצ 21 0,000019483
ףק 1639 0,001520618
ףר 852 0,000790462
ףש 631 0,000585424
ף 0 0,000000000
ף 0 0,000000000
ף‎ 117 0,000108549
ף‏ 1384 0,001284036
ף 215 0,000199471
פא 256 0,000237510
פב 5 0,000004639
פג 8 0,000007422
פד 1 0,000000928
פה 5 0,000004639
פו 182 0,000168855
פז 0 0,000000000
פח 6 0,000005567
פט 400 0,000371109
פי 0 0,000000000
פך 9 0,000008350
פכ 54 0,000050100
פל 4 0,000003711
פם 23 0,000021339
פמ 552 0,000512130
פן 23 0,000021339
פנ 96 0,000089066
פס 22 0,000020411
פע 19 0,000017628
פף 116 0,000107622
פפ 26 0,000024122
פץ 1 0,000000928
פצ 0 0,000000000
פק 0 0,000000000
פר 2 0,000001856
פש 0 0,000000000
פ 22 0,000020411
פ 1 0,000000928
פ‎ 1 0,000000928
פ‏ 0 0,000000000
פ 2 0,000001856
ץא 402 0,000372964
ץב 141 0,000130816
ץג 591 0,000548313
ץד 83 0,000077005
ץה 235 0,000218026
ץו 151 0,000140094
ץז 37 0,000034328
ץח 137 0,000127105
ץט 501 0,000464814
ץי 0 0,000000000
ץך 302 0,000280187
ץכ 254 0,000235654
ץל 242 0,000224521
ץם 603 0,000559447
ץמ 3055 0,002834344
ץן 562 0,000521408
ץנ 302 0,000280187
ץס 557 0,000516769
ץע 228 0,000211532
ץף 263 0,000244004
ץפ 40 0,000037111
ץץ 26 0,000024122
ץצ 20 0,000018555
ץק 112 0,000103910
ץר 45 0,000041750
ץש 1 0,000000928
ץ 10 0,000009278
ץ 0 0,000000000
ץ‎ 72 0,000066800
ץ‏ 6 0,000005567
ץ 46 0,000042678
צא 704 0,000653151
צב 10 0,000009278
צג 120 0,000111333
צד 7 0,000006494
צה 15 0,000013917
צו 1060 0,000983438
צז 0 0,000000000
צח 8 0,000007422
צט 1229 0,001140232
צי 0 0,000000000
צך 37 0,000034328
צכ 4 0,000003711
צל 14 0,000012989
צם 21 0,000019483
צמ 243 0,000225449
צן 23 0,000021339
צנ 11 0,000010205
צס 30 0,000027833
צע 13 0,000012061
צף 190 0,000176277
צפ 0 0,000000000
צץ 3 0,000002783
צצ 1 0,000000928
צק 4 0,000003711
צר 0 0,000000000
צש 0 0,000000000
צ 259 0,000240293
צ 0 0,000000000
צ‎ 2 0,000001856
צ‏ 1 0,000000928
צ 5 0,000004639
קא 2173 0,002016049
קב 0 0,000000000
קג 24 0,000022267
קד 0 0,000000000
קה 2 0,000001856
קו 4626 0,004291873
קז 0 0,000000000
קח 2 0,000001856
קט 1823 0,001691328
קי 0 0,000000000
קך 444 0,000411931
קכ 94 0,000087211
קל 1 0,000000928
קם 1197 0,001110543
קמ 94 0,000087211
קן 4 0,000003711
קנ 24 0,000022267
קס 7 0,000006494
קע 5062 0,004696382
קף 800 0,000742218
קפ 4 0,000003711
קץ 1 0,000000928
קצ 1 0,000000928
קק 1 0,000000928
קר 123 0,000114116
קש 0 0,000000000
ק 0 0,000000000
ק 325 0,000301526
ק‎ 0 0,000000000
ק‏ 0 0,000000000
ק 0 0,000000000
רא 836 0,000775617
רב 7 0,000006494
רג 45 0,000041750
רד 1 0,000000928
רה 7 0,000006494
רו 2361 0,002190470
רז 0 0,000000000
רח 2 0,000001856
רט 1782 0,001653290
רי 0 0,000000000
רך 789 0,000732012
רכ 666 0,000617896
רל 33 0,000030616
רם 452 0,000419353
רמ 193 0,000179060
רן 34 0,000031544
רנ 13 0,000012061
רס 4 0,000003711
רע 104 0,000096488
רף 209 0,000193904
רפ 1 0,000000928
רץ 0 0,000000000
רצ 8 0,000007422
רק 1 0,000000928
רר 0 0,000000000
רש 0 0,000000000
ר 0 0,000000000
ר 1502 0,001393514
ר‎ 1 0,000000928
ר‏ 1 0,000000928
ר 0 0,000000000
שא 558 0,000517697
שב 0 0,000000000
שג 2 0,000001856
שד 0 0,000000000
שה 1 0,000000928
שו 2257 0,002093981
שז 0 0,000000000
שח 0 0,000000000
שט 1301 0,001207031
שי 0 0,000000000
שך 0 0,000000000
שכ 0 0,000000000
של 1 0,000000928
שם 90 0,000083499
שמ 6 0,000005567
שן 1 0,000000928
שנ 18 0,000016700
שס 0 0,000000000
שע 0 0,000000000
שף 339 0,000314515
שפ 0 0,000000000
שץ 0 0,000000000
שצ 0 0,000000000
שק 0 0,000000000
שר 0 0,000000000
שש 0 0,000000000
ש 0 0,000000000
ש 46 0,000042678
ש‎ 0 0,000000000
ש‏ 0 0,000000000
ש 0 0,000000000
א 72 0,000066800
ב 482 0,000447186
ג 2073 0,001923271
ד 303 0,000281115
ה 497 0,000461103
ו 1860 0,001725656
ז 113 0,000104838
ח 338 0,000313587
ט 609 0,000565013
י 1692 0,001569790
ך 478 0,000443475
כ 2148 0,001992854
ל 2068 0,001918633
ם 893 0,000828500
מ 484 0,000449042
ן 953 0,000884167
נ 462 0,000428631
ס 1466 0,001360114
ע 1405 0,001303520
ף 183 0,000169782
פ 6 0,000005567
ץ 1525 0,001414852
צ 13 0,000012061
ק 306 0,000283898
ר 546 0,000506564
ש 19 0,000017628
 1 0,000000928
 0 0,000000000
‎ 110 0,000102055
‏ 5 0,000004639
 181 0,000167927
א 150 0,000139166
ב 428 0,000397086
ג 1578 0,001464024
ד 253 0,000234726
ה 623 0,000578002
ו 862 0,000799740
ז 87 0,000080716
ח 616 0,000571508
ט 1097 0,001017766
י 0 0,000000000
ך 1930 0,001790600
כ 315 0,000292248
ל 659 0,000611402
ם 3214 0,002981859
מ 1078 0,001000138
ן 1362 0,001263625
נ 297 0,000275548
ס 2985 0,002769399
ע 768 0,000712529
ף 349 0,000323792
פ 44 0,000040822
ץ 112 0,000103910
צ 119 0,000110405
ק 723 0,000670779
ר 864 0,000801595
ש 12 0,000011133
 0 0,000000000
 0 0,000000000
‎ 311 0,000288537
‏ 554 0,000513986
 403 0,000373892
‎א 0 0,000000000
‎ב 1 0,000000928
‎ג 29 0,000026905
‎ד 5 0,000004639
‎ה 33 0,000030616
‎ו 0 0,000000000
‎ז 0 0,000000000
‎ח 3 0,000002783
‎ט 0 0,000000000
‎י 5 0,000004639
‎ך 489 0,000453681
‎כ 49 0,000045461
‎ל 33 0,000030616
‎ם 47 0,000043605
‎מ 0 0,000000000
‎ן 23 0,000021339
‎נ 21 0,000019483
‎ס 8 0,000007422
‎ע 3419 0,003172053
‎ף 1 0,000000928
‎פ 30 0,000027833
‎ץ 18 0,000016700
‎צ 0 0,000000000
‎ק 0 0,000000000
‎ר 1 0,000000928
‎ש 0 0,000000000
‎ 0 0,000000000
‎ 0 0,000000000
‎‎ 0 0,000000000
‎‏ 0 0,000000000
‎ 0 0,000000000
‏א 49 0,000045461
‏ב 326 0,000302454
‏ג 229 0,000212460
‏ד 77 0,000071438
‏ה 607 0,000563158
‏ו 65 0,000060305
‏ז 335 0,000310804
‏ח 183 0,000169782
‏ט 197 0,000182771
‏י 10 0,000009278
‏ך 283 0,000262559
‏כ 61 0,000056594
‏ל 157 0,000145660
‏ם 277 0,000256993
‏מ 199 0,000184627
‏ן 295 0,000273693
‏נ 139 0,000128960
‏ס 400 0,000371109
‏ע 694 0,000643874
‏ף 53 0,000049172
‏פ 26 0,000024122
‏ץ 36 0,000033400
‏צ 26 0,000024122
‏ק 302 0,000280187
‏ר 31 0,000028761
‏ש 989 0,000917567
‏ 0 0,000000000
‏ 0 0,000000000
‏‎ 68 0,000063088
‏‏ 37 0,000034328
‏ 37 0,000034328
א 153 0,000141949
ב 502 0,000465742
ג 2002 0,001857400
ד 343 0,000318226
ה 1346 0,001248781
ו 499 0,000462958
ז 262 0,000243076
ח 805 0,000746857
ט 902 0,000836850
י 23 0,000021339
ך 1355 0,001257131
כ 1152 0,001068793
ל 993 0,000921278
ם 2308 0,002141298
מ 962 0,000892517
ן 1452 0,001347125
נ 412 0,000382242
ס 1830 0,001697823
ע 1984 0,001840700
ף 360 0,000333998
פ 42 0,000038966
ץ 316 0,000293176
צ 126 0,000116899
ק 624 0,000578930
ר 59 0,000054739
ש 415 0,000385025
 0 0,000000000
 0 0,000000000
‎ 205 0,000190193
‏ 182 0,000168855
 249 0,000231015
