1 2 1282147 204296
   0 0,000000000
 א 2180 0,001700273
 ב 7550 0,005888560
 ג 18356 0,014316611
 ד 4181 0,003260937
 ה 8383 0,006538252
 ו 4609 0,003594752
 ז 1736 0,001353979
 ח 6586 0,005136697
 ט 12588 0,009817907
 י 3 0,000002340
 ך 11110 0,008665153
 כ 3691 0,002878765
 ל 7649 0,005965774
 ם 20803 0,016225129
 מ 14479 0,011292777
 ן 21292 0,016606521
 נ 4839 0,003774138
 ס 19210 0,014982682
 ע 11496 0,008966210
 ף 5198 0,004054138
 פ 821 0,000640332
 ץ 1611 0,001256486
 צ 557 0,000434428
 ק 7690 0,005997752
 ר 832 0,000648912
 ש 60 0,000046797
  2 0,000001560
  1 0,000000780
 ‎ 4104 0,003200881
 ‏ 307 0,000239442
  2371 0,001849242
א  21656 0,016890420
אא 1 0,000000780
אב 1106 0,000862616
אג 3582 0,002793751
אד 818 0,000637992
אה 2232 0,001740830
או 1885 0,001470190
אז 1542 0,001202670
אח 3859 0,003009795
אט 168 0,000131030
אי 596 0,000464845
אך 5115 0,003989402
אכ 9891 0,007714404
אל 3617 0,002821049
אם 4904 0,003824834
אמ 52 0,000040557
אן 1140 0,000889134
אנ 2300 0,001793866
אס 4791 0,003736701
אע 5618 0,004381713
אף 689 0,000537380
אפ 425 0,000331475
אץ 1198 0,000934370
אצ 409 0,000318996
אק 1104 0,000861056
אר 822 0,000641112
אש 447 0,000348634
א 0 0,000000000
א 0 0,000000000
א‎ 9 0,000007019
א‏ 1289 0,001005345
א 2640 0,002059046
ב  291 0,000226963
בא 966 0,000753424
בב 5 0,000003900
בג 47 0,000036657
בד 5 0,000003900
בה 20 0,000015599
בו 2225 0,001735370
בז 23 0,000017939
בח 6 0,000004680
בט 1768 0,001378937
בי 0 0,000000000
בך 137 0,000106852
בכ 963 0,000751084
בל 41 0,000031978
בם 380 0,000296378
במ 2867 0,002236093
בן 29 0,000022618
בנ 1584 0,001235428
בס 230 0,000179387
בע 9 0,000007019
בף 1077 0,000839997
בפ 0 0,000000000
בץ 52 0,000040557
בצ 2 0,000001560
בק 2 0,000001560
בר 44 0,000034317
בש 260 0,000202785
ב 4127 0,003218820
ב 42 0,000032758
ב‎ 1 0,000000780
ב‏ 7 0,000005460
ב 667 0,000520221
ג  7535 0,005876861
גא 6845 0,005338701
גב 12 0,000009359
גג 61 0,000047576
גד 15 0,000011699
גה 398 0,000310417
גו 5879 0,004585278
גז 1 0,000000780
גח 452 0,000352534
גט 3691 0,002878765
גי 0 0,000000000
גך 362 0,000282339
גכ 966 0,000753424
גל 202 0,000157548
גם 1893 0,001476430
גמ 7239 0,005645998
גן 405 0,000315876
גנ 1163 0,000907072
גס 3068 0,002392861
גע 271 0,000211364
גף 771 0,000601335
גפ 0 0,000000000
גץ 62 0,000048356
גצ 8 0,000006240
גק 54 0,000042117
גר 1066 0,000831418
גש 9 0,000007019
ג 2828 0,002205675
ג 177 0,000138050
ג‎ 0 0,000000000
ג‏ 2 0,000001560
ג 309 0,000241002
ד  1059 0,000825958
דא 1414 0,001102838
דב 1 0,000000780
דג 49 0,000038217
דד 3 0,000002340
דה 1410 0,001099718
דו 426 0,000332255
דז 0 0,000000000
דח 3 0,000002340
דט 929 0,000724566
די 0 0,000000000
דך 123 0,000095933
דכ 1808 0,001410135
דל 28 0,000021838
דם 408 0,000318216
דמ 8165 0,006368225
דן 0 0,000000000
דנ 2010 0,001567683
דס 12 0,000009359
דע 13 0,000010139
דף 600 0,000467965
דפ 0 0,000000000
דץ 0 0,000000000
דצ 0 0,000000000
דק 68 0,000053036
דר 7 0,000005460
דש 0 0,000000000
ד 0 0,000000000
ד 0 0,000000000
ד‎ 0 0,000000000
ד‏ 0 0,000000000
ד 0 0,000000000
ה  1363 0,001063061
הא 5611 0,004376253
הב 29 0,000022618
הג 1042 0,000812699
הד 40 0,000031198
הה 74 0,000057716
הו 5864 0,004573578
הז 248 0,000193426
הח 16 0,000012479
הט 3240 0,002527011
הי 0 0,000000000
הך 376 0,000293258
הכ 801 0,000624733
הל 75 0,000058496
הם 2040 0,001591081
המ 4357 0,003398206
הן 121 0,000094373
הנ 1136 0,000886014
הס 420 0,000327576
הע 333 0,000259721
הף 1632 0,001272865
הפ 1 0,000000780
הץ 57 0,000044457
הצ 246 0,000191866
הק 52 0,000040557
הר 75 0,000058496
הש 0 0,000000000
ה 898 0,000700388
ה 388 0,000302617
ה‎ 5 0,000003900
ה‏ 35 0,000027298
ה 417 0,000325236
ו  24071 0,018773979
וא 220 0,000171587
וב 1628 0,001269745
וג 1786 0,001392976
וד 3798 0,002962219
וה 4143 0,003231299
וו 2064 0,001609800
וז 963 0,000751084
וח 1529 0,001192531
וט 147 0,000114651
וי 3125 0,002437318
וך 2109 0,001644897
וכ 6045 0,004714748
ול 5213 0,004065836
ום 9380 0,007315854
ומ 359 0,000279999
ון 1178 0,000918771
ונ 7603 0,005929897
וס 5525 0,004309178
וע 6447 0,005028285
וף 171 0,000133370
ופ 79 0,000061615
וץ 422 0,000329135
וצ 304 0,000237102
וק 1157 0,000902393
ור 1489 0,001161333
וש 994 0,000775262
ו 0 0,000000000
ו 0 0,000000000
ו‎ 1 0,000000780
ו‏ 117 0,000091253
ו 143 0,000111532
ז  268 0,000209024
זא 1321 0,001030303
זב 22 0,000017159
זג 2 0,000001560
זד 10 0,000007799
זה 926 0,000722226
זו 4294 0,003349070
זז 11 0,000008579
זח 1 0,000000780
זט 1617 0,001261166
זי 0 0,000000000
זך 111 0,000086574
זכ 10 0,000007799
זל 2 0,000001560
זם 1502 0,001171472
זמ 106 0,000082674
זן 0 0,000000000
זנ 6 0,000004680
זס 4 0,000003120
זע 4 0,000003120
זף 320 0,000249581
זפ 0 0,000000000
זץ 0 0,000000000
זצ 0 0,000000000
זק 35 0,000027298
זר 0 0,000000000
זש 0 0,000000000
ז 0 0,000000000
ז 74 0,000057716
ז‎ 0 0,000000000
ז‏ 0 0,000000000
ז 0 0,000000000
ח  2035 0,001587181
חא 6047 0,004716308
חב 205 0,000159888
חג 1165 0,000908632
חד 455 0,000354874
חה 1173 0,000914872
חו 558 0,000435208
חז 97 0,000075654
חח 19 0,000014819
חט 615 0,000479664
חי 0 0,000000000
חך 209 0,000163008
חכ 292 0,000227743
חל 658 0,000513202
חם 2179 0,001699493
חמ 1280 0,000998325
חן 0 0,000000000
חנ 447 0,000348634
חס 0 0,000000000
חע 17 0,000013259
חף 515 0,000401670
חפ 0 0,000000000
חץ 0 0,000000000
חצ 45 0,000035097
חק 15 0,000011699
חר 8 0,000006240
חש 0 0,000000000
ח 498 0,000388411
ח 187 0,000145849
ח‎ 0 0,000000000
ח‏ 9 0,000007019
ח 180 0,000140390
ט  22589 0,017618105
טא 259 0,000202005
טב 553 0,000431308
טג 2971 0,002317207
טד 673 0,000524901
טה 1978 0,001542725
טו 3257 0,002540270
טז 358 0,000279219
טח 3077 0,002399881
טט 1166 0,000909412
טי 1301 0,001014704
טך 2665 0,002078545
טכ 6139 0,004788063
טל 3429 0,002674420
טם 3672 0,002863946
טמ 558 0,000435208
טן 391 0,000304957
טנ 1729 0,001348519
טס 3819 0,002978598
טע 4877 0,003803776
טף 18 0,000014039
טפ 72 0,000056156
טץ 2244 0,001750189
טצ 1438 0,001121556
טק 1440 0,001123116
טר 1030 0,000803340
טש 198 0,000154428
ט 0 0,000000000
ט 0 0,000000000
ט‎ 3 0,000002340
ט‏ 493 0,000384511
ט 2109 0,001644897
י  9064 0,007069392
יא 0 0,000000000
יב 0 0,000000000
יג 2 0,000001560
יד 0 0,000000000
יה 151 0,000117771
יו 8 0,000006240
יז 0 0,000000000
יח 37 0,000028858
יט 4 0,000003120
יי 0 0,000000000
יך 98 0,000076434
יכ 16 0,000012479
יל 88 0,000068635
ים 513 0,000400110
ימ 24 0,000018719
ין 3 0,000002340
ינ 5 0,000003900
יס 916 0,000714427
יע 254 0,000198105
יף 0 0,000000000
יפ 4 0,000003120
יץ 0 0,000000000
יצ 12 0,000009359
יק 144 0,000112312
יר 112 0,000087353
יש 3 0,000002340
י 0 0,000000000
י 0 0,000000000
י‎ 0 0,000000000
י‏ 1 0,000000780
י 4 0,000003120
ך  4943 0,003855252
ךא 8318 0,006487556
ךב 0 0,000000000
ךג 256 0,000199665
ךד 1 0,000000780
ךה 2 0,000001560
ךו 793 0,000618494
ךז 52 0,000040557
ךח 38 0,000029638
ךט 3115 0,002429519
ךי 0 0,000000000
ךך 35 0,000027298
ךכ 818 0,000637992
ךל 1 0,000000780
ךם 375 0,000292478
ךמ 10302 0,008034960
ךן 1 0,000000780
ךנ 2177 0,001697933
ךס 950 0,000740945
ךע 1202 0,000937490
ךף 2373 0,001850802
ךפ 0 0,000000000
ךץ 0 0,000000000
ךצ 115 0,000089693
ךק 2 0,000001560
ךר 17 0,000013259
ךש 0 0,000000000
ך 0 0,000000000
ך 0 0,000000000
ך‎ 0 0,000000000
ך‏ 7 0,000005460
ך 0 0,000000000
כ  5320 0,004149290
כא 9006 0,007024155
כב 34 0,000026518
כג 25 0,000019499
כד 186 0,000145069
כה 23 0,000017939
כו 5325 0,004153190
כז 401 0,000312757
כח 55 0,000042897
כט 9122 0,007114629
כי 0 0,000000000
כך 482 0,000375932
ככ 217 0,000169247
כל 40 0,000031198
כם 518 0,000404010
כמ 8211 0,006404102
כן 20 0,000015599
כנ 0 0,000000000
כס 1428 0,001113757
כע 83 0,000064735
כף 1435 0,001119216
כפ 6 0,000004680
כץ 1 0,000000780
כצ 0 0,000000000
כק 115 0,000089693
כר 4 0,000003120
כש 5 0,000003900
כ 790 0,000616154
כ 5295 0,004129792
כ‎ 0 0,000000000
כ‏ 1066 0,000831418
כ 2181 0,001701053
ל  10054 0,007841535
לא 3253 0,002537151
לב 65 0,000050696
לג 7 0,000005460
לד 31 0,000024178
לה 0 0,000000000
לו 4834 0,003770238
לז 0 0,000000000
לח 2 0,000001560
לט 3445 0,002686899
לי 0 0,000000000
לך 167 0,000130250
לכ 245 0,000191086
לל 72 0,000056156
לם 1566 0,001221389
למ 4850 0,003782718
לן 182 0,000141949
לנ 56 0,000043677
לס 130 0,000101392
לע 2 0,000001560
לף 2544 0,001984172
לפ 27 0,000021058
לץ 24 0,000018719
לצ 7 0,000005460
לק 42 0,000032758
לר 0 0,000000000
לש 3 0,000002340
ל 1545 0,001205010
ל 57 0,000044457
ל‎ 4 0,000003120
ל‏ 1 0,000000780
ל 557 0,000434428
ם  3306 0,002578487
םא 13398 0,010449660
םב 2 0,000001560
םג 25 0,000019499
םד 88 0,000068635
םה 269 0,000209804
םו 12471 0,009726654
םז 23 0,000017939
םח 50 0,000038997
םט 10758 0,008390614
םי 0 0,000000000
םך 420 0,000327576
םכ 1 0,000000780
םל 2 0,000001560
םם 3735 0,002913082
םמ 12808 0,009989494
םן 4 0,000003120
םנ 230 0,000179387
םס 613 0,000478104
םע 2241 0,001747850
םף 3070 0,002394421
םפ 87 0,000067855
םץ 7 0,000005460
םצ 293 0,000228523
םק 197 0,000153649
םר 10 0,000007799
םש 85 0,000066295
ם 5010 0,003907508
ם 850 0,000662951
ם‎ 0 0,000000000
ם‏ 180 0,000140390
ם 1615 0,001259606
מ  28642 0,022339093
מא 13 0,000010139
מב 4760 0,003712523
מג 8082 0,006303489
מד 6283 0,004900374
מה 5630 0,004391072
מו 2490 0,001942055
מז 2565 0,002000551
מח 2065 0,001610580
מט 1075 0,000838437
מי 4586 0,003576813
מך 2548 0,001987292
מכ 8146 0,006353406
מל 7204 0,005618700
מם 8730 0,006808891
ממ 357 0,000278439
מן 2138 0,001667515
מנ 6048 0,004717088
מס 8197 0,006393183
מע 9077 0,007079531
מף 87 0,000067855
מפ 135 0,000105292
מץ 683 0,000532700
מצ 154 0,000120111
מק 2353 0,001835203
מר 872 0,000680109
מש 427 0,000333035
מ 0 0,000000000
מ 0 0,000000000
מ‎ 34 0,000026518
מ‏ 134 0,000104512
מ 817 0,000637212
ן  140 0,000109192
ןא 1744 0,001360218
ןב 0 0,000000000
ןג 0 0,000000000
ןד 0 0,000000000
ןה 0 0,000000000
ןו 2997 0,002337486
ןז 0 0,000000000
ןח 0 0,000000000
ןט 1195 0,000932030
ןי 0 0,000000000
ןך 156 0,000121671
ןכ 1079 0,000841557
ןל 0 0,000000000
ןם 194 0,000151309
ןמ 12103 0,009439635
ןן 83 0,000064735
ןנ 8863 0,006912624
ןס 244 0,000190306
ןע 159 0,000124011
ןף 1044 0,000814259
ןפ 1 0,000000780
ןץ 0 0,000000000
ןצ 0 0,000000000
ןק 14 0,000010919
ןר 6 0,000004680
ןש 1 0,000000780
ן 642 0,000500723
ן 57 0,000044457
ן‎ 0 0,000000000
ן‏ 6 0,000004680
ן 202 0,000157548
נ  899 0,000701168
נא 9574 0,007467162
נב 60 0,000046797
נג 456 0,000355653
נד 247 0,000192646
נה 197 0,000153649
נו 8862 0,006911844
נז 418 0,000326016
נח 44 0,000034317
נט 5920 0,004617255
ני 0 0,000000000
נך 362 0,000282339
נכ 154 0,000120111
נל 391 0,000304957
נם 1314 0,001024844
נמ 10093 0,007871952
נן 111 0,000086574
ננ 128 0,000099833
נס 274 0,000213704
נע 724 0,000564678
נף 2927 0,002282890
נפ 8 0,000006240
נץ 262 0,000204345
נצ 54 0,000042117
נק 111 0,000086574
נר 199 0,000155208
נש 38 0,000029638
נ 1795 0,001399996
נ 664 0,000517881
נ‎ 20 0,000015599
נ‏ 140 0,000109192
נ 1298 0,001012364
ס  3997 0,003117427
סא 1867 0,001456151
סב 74 0,000057716
סג 1683 0,001312642
סד 56 0,000043677
סה 291 0,000226963
סו 4037 0,003148625
סז 34 0,000026518
סח 7 0,000005460
סט 1962 0,001530246
סי 0 0,000000000
סך 3733 0,002911523
סכ 4099 0,003196981
סל 1111 0,000866515
סם 1306 0,001018604
סמ 3208 0,002502053
סן 2567 0,002002110
סנ 358 0,000279219
סס 771 0,000601335
סע 13967 0,010893446
סף 847 0,000660611
ספ 68 0,000053036
סץ 231 0,000180167
סצ 79 0,000061615
סק 413 0,000322116
סר 90 0,000070195
סש 2 0,000001560
ס 499 0,000389191
ס 4349 0,003391967
ס‎ 8 0,000006240
ס‏ 215 0,000167687
ס 5109 0,003984722
ע  7077 0,005519648
עא 6870 0,005358200
עב 557 0,000434428
עג 3027 0,002360884
עד 16 0,000012479
עה 179 0,000139610
עו 6197 0,004833299
עז 3 0,000002340
עח 4 0,000003120
עט 4701 0,003666506
עי 0 0,000000000
עך 905 0,000705847
עכ 258 0,000201225
על 98 0,000076434
עם 1554 0,001212029
עמ 19072 0,014875050
ען 186 0,000145069
ענ 5242 0,004088455
עס 1592 0,001241667
עע 97 0,000075654
עף 1690 0,001318102
עפ 7 0,000005460
עץ 24 0,000018719
עצ 68 0,000053036
עק 227 0,000177047
ער 18 0,000014039
עש 34 0,000026518
ע 2366 0,001845342
ע 7778 0,006066387
ע‎ 1 0,000000780
ע‏ 47 0,000036657
ע 675 0,000526461
ף  6928 0,005403437
ףא 125 0,000097493
ףב 617 0,000481224
ףג 891 0,000694928
ףד 1269 0,000989746
ףה 1994 0,001555204
ףו 299 0,000233203
ףז 1632 0,001272865
ףח 345 0,000269080
ףט 504 0,000393091
ףי 122 0,000095153
ףך 980 0,000764343
ףכ 1721 0,001342280
ףל 1084 0,000845457
ףם 406 0,000316656
ףמ 11 0,000008579
ףן 806 0,000628633
ףנ 989 0,000771362
ףס 1503 0,001172252
ףע 2017 0,001573143
ףף 5 0,000003900
ףפ 24 0,000018719
ףץ 432 0,000336935
ףצ 11 0,000008579
ףק 1117 0,000871195
ףר 840 0,000655151
ףש 631 0,000492143
ף 0 0,000000000
ף 0 0,000000000
ף‎ 23 0,000017939
ף‏ 1380 0,001076320
ף 110 0,000085794
פ  138 0,000107632
פא 253 0,000197325
פב 0 0,000000000
פג 0 0,000000000
פד 0 0,000000000
פה 0 0,000000000
פו 181 0,000141169
פז 0 0,000000000
פח 0 0,000000000
פט 389 0,000303397
פי 0 0,000000000
פך 0 0,000000000
פכ 53 0,000041337
פל 1 0,000000780
פם 4 0,000003120
פמ 543 0,000423508
פן 0 0,000000000
פנ 96 0,000074874
פס 4 0,000003120
פע 14 0,000010919
פף 111 0,000086574
פפ 24 0,000018719
פץ 0 0,000000000
פצ 0 0,000000000
פק 0 0,000000000
פר 1 0,000000780
פש 0 0,000000000
פ 22 0,000017159
פ 1 0,000000780
פ‎ 1 0,000000780
פ‏ 0 0,000000000
פ 0 0,000000000
ץ  4410 0,003439543
ץא 353 0,000275319
ץב 0 0,000000000
ץג 214 0,000166908
ץד 3 0,000002340
ץה 2 0,000001560
ץו 95 0,000074094
ץז 0 0,000000000
ץח 1 0,000000780
ץט 215 0,000167687
ץי 0 0,000000000
ץך 1 0,000000780
ץכ 152 0,000118551
ץל 58 0,000045237
ץם 242 0,000188746
ץמ 2782 0,002169798
ץן 0 0,000000000
ץנ 177 0,000138050
ץס 109 0,000085014
ץע 28 0,000021838
ץף 153 0,000119331
ץפ 0 0,000000000
ץץ 0 0,000000000
ץצ 0 0,000000000
ץק 0 0,000000000
ץר 18 0,000014039
ץש 0 0,000000000
ץ 10 0,000007799
ץ 0 0,000000000
ץ‎ 1 0,000000780
ץ‏ 0 0,000000000
ץ 0 0,000000000
צ  285 0,000222283
צא 699 0,000545179
צב 2 0,000001560
צג 95 0,000074094
צד 0 0,000000000
צה 3 0,000002340
צו 1056 0,000823618
צז 0 0,000000000
צח 0 0,000000000
צט 1202 0,000937490
צי 0 0,000000000
צך 19 0,000014819
צכ 0 0,000000000
צל 0 0,000000000
צם 1 0,000000780
צמ 213 0,000166128
צן 0 0,000000000
צנ 0 0,000000000
צס 2 0,000001560
צע 0 0,000000000
צף 178 0,000138830
צפ 0 0,000000000
צץ 0 0,000000000
צצ 0 0,000000000
צק 0 0,000000000
צר 0 0,000000000
צש 0 0,000000000
צ 259 0,000202005
צ 0 0,000000000
צ‎ 0 0,000000000
צ‏ 0 0,000000000
צ 0 0,000000000
ק  58 0,000045237
קא 2172 0,001694034
קב 0 0,000000000
קג 15 0,000011699
קד 0 0,000000000
קה 0 0,000000000
קו 4626 0,003608011
קז 0 0,000000000
קח 0 0,000000000
קט 1815 0,001415594
קי 0 0,000000000
קך 441 0,000343954
קכ 94 0,000073315
קל 0 0,000000000
קם 1191 0,000928911
קמ 88 0,000068635
קן 0 0,000000000
קנ 22 0,000017159
קס 0 0,000000000
קע 5061 0,003947285
קף 800 0,000623953
קפ 0 0,000000000
קץ 0 0,000000000
קצ 1 0,000000780
קק 0 0,000000000
קר 123 0,000095933
קש 0 0,000000000
ק 0 0,000000000
ק 325 0,000253481
ק‎ 0 0,000000000
ק‏ 0 0,000000000
ק 0 0,000000000
ר  43 0,000033537
רא 836 0,000652031
רב 0 0,000000000
רג 43 0,000033537
רד 0 0,000000000
רה 0 0,000000000
רו 2361 0,001841443
רז 0 0,000000000
רח 0 0,000000000
רט 1779 0,001387516
רי 0 0,000000000
רך 788 0,000614594
רכ 665 0,000518661
רל 31 0,000024178
רם 451 0,000351754
רמ 191 0,000148969
רן 30 0,000023398
רנ 11 0,000008579
רס 0 0,000000000
רע 102 0,000079554
רף 209 0,000163008
רפ 1 0,000000780
רץ 0 0,000000000
רצ 8 0,000006240
רק 0 0,000000000
רר 0 0,000000000
רש 0 0,000000000
ר 0 0,000000000
ר 1502 0,001171472
ר‎ 0 0,000000000
ר‏ 1 0,000000780
ר 0 0,000000000
ש  6 0,000004680
שא 558 0,000435208
שב 0 0,000000000
שג 0 0,000000000
שד 0 0,000000000
שה 1 0,000000780
שו 2257 0,001760329
שז 0 0,000000000
שח 0 0,000000000
שט 1301 0,001014704
שי 0 0,000000000
שך 0 0,000000000
שכ 0 0,000000000
של 0 0,000000000
שם 90 0,000070195
שמ 4 0,000003120
שן 0 0,000000000
שנ 18 0,000014039
שס 0 0,000000000
שע 0 0,000000000
שף 339 0,000264400
שפ 0 0,000000000
שץ 0 0,000000000
שצ 0 0,000000000
שק 0 0,000000000
שר 0 0,000000000
שש 0 0,000000000
ש 0 0,000000000
ש 46 0,000035877
ש‎ 0 0,000000000
ש‏ 0 0,000000000
ש 0 0,000000000
  6463 0,005040764
א 0 0,000000000
ב 287 0,000223843
ג 1423 0,001109857
ד 213 0,000166128
ה 204 0,000159108
ו 1724 0,001344620
ז 80 0,000062395
ח 110 0,000085794
ט 11 0,000008579
י 1692 0,001319662
ך 207 0,000161448
כ 2050 0,001598881
ל 1863 0,001453032
ם 125 0,000097493
מ 0 0,000000000
ן 188 0,000146629
נ 348 0,000271420
ס 882 0,000687909
ע 1126 0,000878214
ף 11 0,000008579
פ 0 0,000000000
ץ 1456 0,001135595
צ 3 0,000002340
ק 171 0,000133370
ר 525 0,000409469
ש 18 0,000014039
 0 0,000000000
 0 0,000000000
‎ 0 0,000000000
‏ 1 0,000000780
 110 0,000085794
  14746 0,011501022
א 0 0,000000000
ב 49 0,000038217
ג 6 0,000004680
ד 13 0,000010139
ה 31 0,000024178
ו 297 0,000231643
ז 0 0,000000000
ח 193 0,000150529
ט 55 0,000042897
י 0 0,000000000
ך 1079 0,000841557
כ 0 0,000000000
ל 175 0,000136490
ם 1682 0,001311862
מ 8 0,000006240
ן 12 0,000009359
נ 0 0,000000000
ס 1611 0,001256486
ע 99 0,000077214
ף 0 0,000000000
פ 16 0,000012479
ץ 0 0,000000000
צ 91 0,000070975
ק 25 0,000019499
ר 812 0,000633313
ש 7 0,000005460
 0 0,000000000
 0 0,000000000
‎ 0 0,000000000
‏ 550 0,000428968
 236 0,000184066
‎  2 0,000001560
‎א 0 0,000000000
‎ב 1 0,000000780
‎ג 29 0,000022618
‎ד 5 0,000003900
‎ה 33 0,000025738
‎ו 0 0,000000000
‎ז 0 0,000000000
‎ח 3 0,000002340
‎ט 0 0,000000000
‎י 5 0,000003900
‎ך 488 0,000380612
‎כ 49 0,000038217
‎ל 33 0,000025738
‎ם 47 0,000036657
‎מ 0 0,000000000
‎ן 23 0,000017939
‎נ 21 0,000016379
‎ס 7 0,000005460
‎ע 3419 0,002666621
‎ף 1 0,000000780
‎פ 30 0,000023398
‎ץ 18 0,000014039
‎צ 0 0,000000000
‎ק 0 0,000000000
‎ר 1 0,000000780
‎ש 0 0,000000000
‎ 0 0,000000000
‎ 0 0,000000000
‎‎ 0 0,000000000
‎‏ 0 0,000000000
‎ 0 0,000000000
‏  2969 0,002315647
‏א 3 0,000002340
‏ב 233 0,000181726
‏ג 7 0,000005460
‏ד 12 0,000009359
‏ה 462 0,000360333
‏ו 3 0,000002340
‏ז 302 0,000235542
‏ח 92 0,000071755
‏ט 1 0,000000780
‏י 10 0,000007799
‏ך 73 0,000056936
‏כ 5 0,000003900
‏ל 43 0,000033537
‏ם 36 0,000028078
‏מ 2 0,000001560
‏ן 4 0,000003120
‏נ 43 0,000033537
‏ס 124 0,000096713
‏ע 525 0,000409469
‏ף 0 0,000000000
‏פ 0 0,000000000
‏ץ 12 0,000009359
‏צ 21 0,000016379
‏ק 169 0,000131810
‏ר 17 0,000013259
‏ש 986 0,000769023
‏ 0 0,000000000
‏ 0 0,000000000
‏‎ 0 0,000000000
‏‏ 34 0,000026518
‏ 0 0,000000000
  13937 0,010870049
א 0 0,000000000
ב 25 0,000019499
ג 397 0,000309637
ד 115 0,000089693
ה 783 0,000610694
ו 236 0,000184066
ז 157 0,000122451
ח 314 0,000244902
ט 8 0,000006240
י 23 0,000017939
ך 594 0,000463285
כ 966 0,000753424
ל 563 0,000439107
ם 607 0,000473425
מ 0 0,000000000
ן 16 0,000012479
נ 95 0,000074094
ס 602 0,000469525
ע 1288 0,001004565
ף 1 0,000000780
פ 0 0,000000000
ץ 228 0,000177827
צ 88 0,000068635
ק 115 0,000089693
ר 14 0,000010919
ש 412 0,000321336
 0 0,000000000
 0 0,000000000
‎ 0 0,000000000
‏ 166 0,000129470
 113 0,000088133
