1 2 1282150 204296
   3 0,000002340
 א 2180 0,001700270
 ב 10450 0,008150379
 ג 20306 0,015837474
 ד 4181 0,003260931
 ה 8513 0,006639634
 ו 4609 0,003594746
 ז 1736 0,001353977
 ח 6592 0,005141368
 ט 12588 0,009817892
 י 3 0,000002340
 ך 11110 0,008665140
 כ 3696 0,002882660
 ל 8393 0,006546041
 ם 20841 0,016254742
 מ 14479 0,011292759
 ן 21545 0,016803820
 נ 4943 0,003855246
 ס 19266 0,015026335
 ע 12633 0,009852989
 ף 5198 0,004054131
 פ 826 0,000644231
 ץ 1611 0,001256484
 צ 558 0,000435207
 ק 7690 0,005997743
 ר 832 0,000648911
 ש 60 0,000046796
  1 0,000000780
  0 0,000000000
 ‎ 4104 0,003200876
 ‏ 307 0,000239442
  2371 0,001849239
א  21656 0,016890392
אא 1 0,000000780
אב 1219 0,000950748
אג 3639 0,002838204
אד 818 0,000637991
אה 2351 0,001833640
או 1885 0,001470188
אז 1542 0,001202668
אח 4128 0,003219595
אט 168 0,000131030
אי 596 0,000464845
אך 5115 0,003989396
אכ 10004 0,007802525
אל 3784 0,002951295
אם 5076 0,003958978
אמ 52 0,000040557
אן 1161 0,000905511
אנ 2386 0,001860938
אס 4877 0,003803770
אע 5806 0,004528335
אף 689 0,000537379
אפ 427 0,000333035
אץ 1198 0,000934369
אצ 409 0,000318996
אק 1104 0,000861054
אר 822 0,000641111
אש 447 0,000348633
א 0 0,000000000
א 0 0,000000000
א‎ 9 0,000007019
א‏ 1289 0,001005343
א 2640 0,002059043
ב  1758 0,001371135
בא 966 0,000753423
בב 5 0,000003900
בג 202 0,000157548
בד 5 0,000003900
בה 30 0,000023398
בו 2239 0,001746287
בז 23 0,000017939
בח 7 0,000005460
בט 1768 0,001378935
בי 9 0,000007019
בך 141 0,000109972
בכ 2685 0,002094140
בל 66 0,000051476
בם 463 0,000361112
במ 2867 0,002236090
בן 29 0,000022618
בנ 1654 0,001290022
בס 321 0,000250361
בע 407 0,000317436
בף 1077 0,000839996
בפ 0 0,000000000
בץ 62 0,000048356
בצ 2 0,000001560
בק 125 0,000097493
בר 44 0,000034317
בש 260 0,000202785
ב 42 0,000032758
ב 115 0,000089693
ב‎ 1 0,000000780
ב‏ 7 0,000005460
ב 667 0,000520220
ג  7993 0,006234065
גא 6845 0,005338693
גב 123 0,000095933
גג 165 0,000128690
גד 151 0,000117771
גה 571 0,000445346
גו 6019 0,004694462
גז 55 0,000042897
גח 559 0,000435987
גט 3702 0,002887340
גי 153 0,000119331
גך 441 0,000343954
גכ 1012 0,000789300
גל 366 0,000285458
גם 2123 0,001655814
גמ 7239 0,005645989
גן 541 0,000421948
גנ 1385 0,001080218
גס 3380 0,002636199
גע 335 0,000261280
גף 782 0,000609913
גפ 0 0,000000000
גץ 268 0,000209024
גצ 10 0,000007799
גק 82 0,000063955
גר 1181 0,000921110
גש 11 0,000008579
ג 177 0,000138049
ג 3 0,000002340
ג‎ 0 0,000000000
ג‏ 2 0,000001560
ג 342 0,000266740
ד  1059 0,000825957
דא 1414 0,001102836
דב 1 0,000000780
דג 49 0,000038217
דד 3 0,000002340
דה 1410 0,001099716
דו 426 0,000332255
דז 0 0,000000000
דח 3 0,000002340
דט 929 0,000724565
די 0 0,000000000
דך 123 0,000095933
דכ 1821 0,001420272
דל 28 0,000021838
דם 408 0,000318216
דמ 8165 0,006368215
דן 0 0,000000000
דנ 2057 0,001604338
דס 12 0,000009359
דע 13 0,000010139
דף 600 0,000467964
דפ 0 0,000000000
דץ 0 0,000000000
דצ 0 0,000000000
דק 68 0,000053036
דר 7 0,000005460
דש 0 0,000000000
ד 0 0,000000000
ד 0 0,000000000
ד‎ 0 0,000000000
ד‏ 0 0,000000000
ד 0 0,000000000
ה  1760 0,001372695
הא 5611 0,004376247
הב 37 0,000028858
הג 1196 0,000932809
הד 41 0,000031978
הה 92 0,000071755
הו 5871 0,004579031
הז 253 0,000197325
הח 16 0,000012479
הט 3240 0,002527007
הי 63 0,000049136
הך 376 0,000293258
הכ 801 0,000624732
הל 153 0,000119331
הם 2224 0,001734588
המ 4357 0,003398201
הן 121 0,000094373
הנ 1182 0,000921890
הס 427 0,000333035
הע 333 0,000259720
הף 1632 0,001272863
הפ 2 0,000001560
הץ 114 0,000088913
הצ 247 0,000192645
הק 59 0,000046016
הר 125 0,000097493
הש 0 0,000000000
ה 388 0,000302617
ה 19 0,000014819
ה‎ 5 0,000003900
ה‏ 35 0,000027298
ה 417 0,000325235
ו  24055 0,018761471
וא 220 0,000171587
וב 1681 0,001311080
וג 1869 0,001457709
וד 3798 0,002962214
וה 4236 0,003303828
וו 2064 0,001609797
וז 963 0,000751083
וח 1545 0,001205008
וט 147 0,000114651
וי 3125 0,002437314
וך 2109 0,001644895
וכ 6200 0,004835631
ול 5311 0,004142264
ום 9643 0,007520967
ומ 359 0,000279999
ון 1190 0,000928129
ונ 7697 0,006003202
וס 5533 0,004315411
וע 6566 0,005121090
וף 171 0,000133370
ופ 79 0,000061615
וץ 422 0,000329135
וצ 306 0,000238662
וק 1157 0,000902391
ור 1489 0,001161331
וש 994 0,000775261
ו 0 0,000000000
ו 0 0,000000000
ו‎ 1 0,000000780
ו‏ 117 0,000091253
ו 143 0,000111532
ז  268 0,000209024
זא 1321 0,001030301
זב 34 0,000026518
זג 2 0,000001560
זד 10 0,000007799
זה 1071 0,000835316
זו 4294 0,003349065
זז 11 0,000008579
זח 1 0,000000780
זט 1617 0,001261164
זי 0 0,000000000
זך 111 0,000086573
זכ 10 0,000007799
זל 2 0,000001560
זם 1774 0,001383614
זמ 106 0,000082674
זן 0 0,000000000
זנ 6 0,000004680
זס 4 0,000003120
זע 4 0,000003120
זף 320 0,000249581
זפ 0 0,000000000
זץ 0 0,000000000
זצ 0 0,000000000
זק 35 0,000027298
זר 0 0,000000000
זש 0 0,000000000
ז 74 0,000057716
ז 0 0,000000000
ז‎ 0 0,000000000
ז‏ 0 0,000000000
ז 0 0,000000000
ח  2125 0,001657374
חא 6047 0,004716300
חב 217 0,000169247
חג 1453 0,001133254
חד 476 0,000371252
חה 1237 0,000964786
חו 558 0,000435207
חז 97 0,000075654
חח 19 0,000014819
חט 615 0,000479663
חי 0 0,000000000
חך 278 0,000216823
חכ 294 0,000229303
חל 723 0,000563897
חם 2284 0,001781384
חמ 1280 0,000998324
חן 0 0,000000000
חנ 476 0,000371252
חס 13 0,000010139
חע 17 0,000013259
חף 515 0,000401669
חפ 0 0,000000000
חץ 1 0,000000780
חצ 66 0,000051476
חק 17 0,000013259
חר 8 0,000006240
חש 0 0,000000000
ח 187 0,000145849
ח 14 0,000010919
ח‎ 0 0,000000000
ח‏ 9 0,000007019
ח 180 0,000140389
ט  22589 0,017618077
טא 259 0,000202005
טב 577 0,000450026
טג 3129 0,002440434
טד 673 0,000524900
טה 2006 0,001564561
טו 3257 0,002540266
טז 358 0,000279219
טח 3093 0,002412356
טט 1166 0,000909411
טי 1301 0,001014703
טך 2665 0,002078542
טכ 6160 0,004804434
טל 3537 0,002758650
טם 3887 0,003031629
טמ 558 0,000435207
טן 402 0,000313536
טנ 1735 0,001353197
טס 3953 0,003083105
טע 4974 0,003879424
טף 18 0,000014039
טפ 75 0,000058496
טץ 2244 0,001750187
טצ 1629 0,001270523
טק 1440 0,001123114
טר 1030 0,000803339
טש 198 0,000154428
ט 0 0,000000000
ט 0 0,000000000
ט‎ 3 0,000002340
ט‏ 493 0,000384511
ט 2109 0,001644895
י  9064 0,007069381
יא 0 0,000000000
יב 0 0,000000000
יג 2 0,000001560
יד 0 0,000000000
יה 151 0,000117771
יו 8 0,000006240
יז 0 0,000000000
יח 37 0,000028858
יט 4 0,000003120
יי 0 0,000000000
יך 98 0,000076434
יכ 20 0,000015599
יל 92 0,000071755
ים 592 0,000461725
ימ 24 0,000018719
ין 3 0,000002340
ינ 5 0,000003900
יס 917 0,000715206
יע 254 0,000198105
יף 0 0,000000000
יפ 4 0,000003120
יץ 0 0,000000000
יצ 13 0,000010139
יק 144 0,000112311
יר 112 0,000087353
יש 3 0,000002340
י 0 0,000000000
י 0 0,000000000
י‎ 0 0,000000000
י‏ 1 0,000000780
י 4 0,000003120
ך  4943 0,003855246
ךא 8318 0,006487546
ךב 0 0,000000000
ךג 269 0,000209804
ךד 1 0,000000780
ךה 2 0,000001560
ךו 793 0,000618493
ךז 52 0,000040557
ךח 38 0,000029638
ךט 3115 0,002429515
ךי 0 0,000000000
ךך 35 0,000027298
ךכ 838 0,000653590
ךל 1 0,000000780
ךם 386 0,000301057
ךמ 10302 0,008034947
ךן 1 0,000000780
ךנ 2672 0,002084001
ךס 955 0,000744843
ךע 1216 0,000948408
ךף 2373 0,001850799
ךפ 0 0,000000000
ךץ 0 0,000000000
ךצ 115 0,000089693
ךק 2 0,000001560
ךר 17 0,000013259
ךש 0 0,000000000
ך 0 0,000000000
ך 0 0,000000000
ך‎ 0 0,000000000
ך‏ 7 0,000005460
ך 0 0,000000000
כ  5491 0,004282654
כא 9006 0,007024145
כב 128 0,000099832
כג 108 0,000084234
כד 186 0,000145069
כה 28 0,000021838
כו 5384 0,004199200
כז 402 0,000313536
כח 55 0,000042897
כט 9122 0,007114618
כי 54 0,000042117
כך 488 0,000380611
ככ 246 0,000191865
כל 104 0,000081114
כם 595 0,000464065
כמ 8211 0,006404092
כן 22 0,000017159
כנ 0 0,000000000
כס 1432 0,001116875
כע 92 0,000071755
כף 1435 0,001119215
כפ 6 0,000004680
כץ 65 0,000050696
כצ 0 0,000000000
כק 115 0,000089693
כר 151 0,000117771
כש 5 0,000003900
כ 5295 0,004129785
כ 0 0,000000000
כ‎ 0 0,000000000
כ‏ 1066 0,000831417
כ 2181 0,001701050
ל  10617 0,008280629
לא 3253 0,002537147
לב 67 0,000052256
לג 52 0,000040557
לד 35 0,000027298
לה 0 0,000000000
לו 4906 0,003826388
לז 0 0,000000000
לח 4 0,000003120
לט 3445 0,002686895
לי 79 0,000061615
לך 186 0,000145069
לכ 266 0,000207464
לל 199 0,000155208
לם 1680 0,001310300
למ 4850 0,003782712
לן 185 0,000144289
לנ 56 0,000043677
לס 510 0,000397770
לע 27 0,000021058
לף 2544 0,001984169
לפ 27 0,000021058
לץ 109 0,000085014
לצ 8 0,000006240
לק 43 0,000033537
לר 142 0,000110752
לש 3 0,000002340
ל 57 0,000044457
ל 0 0,000000000
ל‎ 4 0,000003120
ל‏ 1 0,000000780
ל 557 0,000434427
ם  4236 0,003303828
םא 13398 0,010449643
םב 2 0,000001560
םג 36 0,000028078
םד 88 0,000068635
םה 292 0,000227743
םו 13443 0,010484741
םז 23 0,000017939
םח 58 0,000045237
םט 10758 0,008390601
םי 1040 0,000811138
םך 420 0,000327575
םכ 6 0,000004680
םל 1200 0,000935929
םם 5150 0,004016694
םמ 12808 0,009989479
םן 4 0,000003120
םנ 246 0,000191865
םס 627 0,000489023
םע 2319 0,001808682
םף 3070 0,002394418
םפ 87 0,000067855
םץ 806 0,000628632
םצ 298 0,000232422
םק 197 0,000153648
םר 22 0,000017159
םש 85 0,000066295
ם 850 0,000662949
ם 2 0,000001560
ם‎ 0 0,000000000
ם‏ 180 0,000140389
ם 1615 0,001259604
מ  28642 0,022339057
מא 13 0,000010139
מב 5569 0,004343489
מג 8446 0,006587378
מד 6283 0,004900367
מה 5787 0,004513516
מו 2490 0,001942052
מז 2565 0,002000547
מח 2088 0,001628516
מט 1075 0,000838436
מי 4586 0,003576807
מך 2548 0,001987288
מכ 8190 0,006387713
מל 7309 0,005700585
מם 8953 0,006982808
ממ 357 0,000278439
מן 2308 0,001800103
מנ 6725 0,005245100
מס 8301 0,006474286
מע 9208 0,007181692
מף 87 0,000067855
מפ 146 0,000113871
מץ 683 0,000532699
מצ 154 0,000120111
מק 2353 0,001835200
מר 872 0,000680108
מש 427 0,000333035
מ 0 0,000000000
מ 0 0,000000000
מ‎ 34 0,000026518
מ‏ 134 0,000104512
מ 817 0,000637211
ן  192 0,000149749
ןא 1744 0,001360216
ןב 0 0,000000000
ןג 26 0,000020278
ןד 0 0,000000000
ןה 0 0,000000000
ןו 2999 0,002339042
ןז 1 0,000000780
ןח 0 0,000000000
ןט 1195 0,000932029
ןי 6 0,000004680
ןך 156 0,000121671
ןכ 1250 0,000974926
ןל 11 0,000008579
ןם 218 0,000170027
ןמ 12103 0,009439620
ןן 93 0,000072534
ןנ 8918 0,006955510
ןס 244 0,000190305
ןע 673 0,000524900
ןף 1044 0,000814258
ןפ 1 0,000000780
ןץ 16 0,000012479
ןצ 0 0,000000000
ןק 14 0,000010919
ןר 26 0,000020278
ןש 2 0,000001560
ן 57 0,000044457
ן 0 0,000000000
ן‎ 0 0,000000000
ן‏ 6 0,000004680
ן 202 0,000157548
נ  1157 0,000902391
נא 9574 0,007467151
נב 142 0,000110752
נג 851 0,000663729
נד 289 0,000225403
נה 211 0,000164567
נו 9110 0,007105258
נז 436 0,000340054
נח 70 0,000054596
נט 5920 0,004617248
ני 188 0,000146629
נך 369 0,000287798
נכ 267 0,000208244
נל 507 0,000395430
נם 1522 0,001187070
נמ 10093 0,007871940
נן 113 0,000088133
ננ 128 0,000099832
נס 309 0,000241002
נע 1050 0,000818938
נף 2927 0,002282886
נפ 8 0,000006240
נץ 392 0,000305737
נצ 55 0,000042897
נק 117 0,000091253
נר 237 0,000184846
נש 39 0,000030418
נ 664 0,000517881
נ 0 0,000000000
נ‎ 20 0,000015599
נ‏ 140 0,000109192
נ 1298 0,001012363
ס  4266 0,003327226
סא 1867 0,001456149
סב 77 0,000060055
סג 1783 0,001390634
סד 65 0,000050696
סה 291 0,000226963
סו 4022 0,003136921
סז 34 0,000026518
סח 8 0,000006240
סט 1962 0,001530243
סי 0 0,000000000
סך 3733 0,002911518
סכ 4274 0,003333466
סל 1241 0,000967906
סם 1458 0,001137153
סמ 3208 0,002502049
סן 2749 0,002144057
סנ 398 0,000310416
סס 799 0,000623172
סע 14202 0,011076716
סף 847 0,000660610
ספ 68 0,000053036
סץ 233 0,000181726
סצ 84 0,000065515
סק 414 0,000322895
סר 90 0,000070195
סש 16 0,000012479
ס 4349 0,003391962
ס 18 0,000014039
ס‎ 8 0,000006240
ס‏ 215 0,000167687
ס 5109 0,003984716
ע  8622 0,006724647
עא 6870 0,005358192
עב 557 0,000434427
עג 3238 0,002525447
עד 16 0,000012479
עה 198 0,000154428
עו 6303 0,004915965
עז 4 0,000003120
עח 7 0,000005460
עט 4701 0,003666501
עי 100 0,000077994
עך 928 0,000723785
עכ 303 0,000236322
על 219 0,000170807
עם 1927 0,001502945
עמ 19072 0,014875026
ען 186 0,000145069
ענ 5346 0,004169562
עס 1668 0,001300941
עע 97 0,000075654
עף 1690 0,001318100
עפ 7 0,000005460
עץ 109 0,000085014
עצ 68 0,000053036
עק 230 0,000179386
ער 19 0,000014819
עש 34 0,000026518
ע 7778 0,006066378
ע 7 0,000005460
ע‎ 1 0,000000780
ע‏ 47 0,000036657
ע 675 0,000526460
ף  6928 0,005403428
ףא 125 0,000097493
ףב 666 0,000519440
ףג 908 0,000708186
ףד 1269 0,000989745
ףה 2006 0,001564561
ףו 299 0,000233202
ףז 1632 0,001272863
ףח 402 0,000313536
ףט 504 0,000393090
ףי 122 0,000095153
ףך 980 0,000764342
ףכ 1822 0,001421052
ףל 1120 0,000873533
ףם 423 0,000329915
ףמ 11 0,000008579
ףן 831 0,000648131
ףנ 1033 0,000805679
ףס 1521 0,001186290
ףע 2106 0,001642555
ףף 5 0,000003900
ףפ 24 0,000018719
ףץ 432 0,000336934
ףצ 11 0,000008579
ףק 1117 0,000871194
ףר 840 0,000655150
ףש 631 0,000492143
ף 0 0,000000000
ף 0 0,000000000
ף‎ 23 0,000017939
ף‏ 1380 0,001076318
ף 110 0,000085793
פ  154 0,000120111
פא 253 0,000197325
פב 0 0,000000000
פג 0 0,000000000
פד 0 0,000000000
פה 0 0,000000000
פו 181 0,000141169
פז 0 0,000000000
פח 0 0,000000000
פט 389 0,000303397
פי 0 0,000000000
פך 0 0,000000000
פכ 53 0,000041337
פל 1 0,000000780
פם 5 0,000003900
פמ 543 0,000423508
פן 0 0,000000000
פנ 104 0,000081114
פס 4 0,000003120
פע 15 0,000011699
פף 111 0,000086573
פפ 24 0,000018719
פץ 0 0,000000000
פצ 0 0,000000000
פק 0 0,000000000
פר 1 0,000000780
פש 0 0,000000000
פ 1 0,000000780
פ 0 0,000000000
פ‎ 1 0,000000780
פ‏ 0 0,000000000
פ 0 0,000000000
ץ  4410 0,003439538
ץא 353 0,000275319
ץב 0 0,000000000
ץג 214 0,000166907
ץד 3 0,000002340
ץה 2 0,000001560
ץו 95 0,000074094
ץז 0 0,000000000
ץח 1 0,000000780
ץט 215 0,000167687
ץי 0 0,000000000
ץך 1 0,000000780
ץכ 171 0,000133370
ץל 77 0,000060055
ץם 242 0,000188746
ץמ 2782 0,002169795
ץן 0 0,000000000
ץנ 177 0,000138049
ץס 109 0,000085014
ץע 33 0,000025738
ץף 153 0,000119331
ץפ 0 0,000000000
ץץ 0 0,000000000
ץצ 0 0,000000000
ץק 0 0,000000000
ץר 18 0,000014039
ץש 0 0,000000000
ץ 0 0,000000000
ץ 10 0,000007799
ץ‎ 1 0,000000780
ץ‏ 0 0,000000000
ץ 0 0,000000000
צ  543 0,000423508
צא 699 0,000545178
צב 2 0,000001560
צג 95 0,000074094
צד 0 0,000000000
צה 3 0,000002340
צו 1056 0,000823617
צז 0 0,000000000
צח 0 0,000000000
צט 1202 0,000937489
צי 0 0,000000000
צך 19 0,000014819
צכ 0 0,000000000
צל 0 0,000000000
צם 1 0,000000780
צמ 213 0,000166127
צן 1 0,000000780
צנ 0 0,000000000
צס 2 0,000001560
צע 0 0,000000000
צף 178 0,000138829
צפ 0 0,000000000
צץ 0 0,000000000
צצ 0 0,000000000
צק 0 0,000000000
צר 0 0,000000000
צש 0 0,000000000
צ 0 0,000000000
צ 0 0,000000000
צ‎ 0 0,000000000
צ‏ 0 0,000000000
צ 0 0,000000000
ק  58 0,000045237
קא 2172 0,001694031
קב 0 0,000000000
קג 18 0,000014039
קד 0 0,000000000
קה 0 0,000000000
קו 4626 0,003608005
קז 0 0,000000000
קח 0 0,000000000
קט 1815 0,001415592
קי 0 0,000000000
קך 441 0,000343954
קכ 94 0,000073314
קל 0 0,000000000
קם 1507 0,001175370
קמ 88 0,000068635
קן 0 0,000000000
קנ 22 0,000017159
קס 0 0,000000000
קע 5062 0,003948059
קף 800 0,000623952
קפ 0 0,000000000
קץ 0 0,000000000
קצ 1 0,000000780
קק 0 0,000000000
קר 123 0,000095933
קש 0 0,000000000
ק 325 0,000253481
ק 0 0,000000000
ק‎ 0 0,000000000
ק‏ 0 0,000000000
ק 0 0,000000000
ר  43 0,000033537
רא 836 0,000652030
רב 0 0,000000000
רג 71 0,000055376
רד 0 0,000000000
רה 0 0,000000000
רו 2361 0,001841440
רז 0 0,000000000
רח 0 0,000000000
רט 1779 0,001387514
רי 0 0,000000000
רך 788 0,000614593
רכ 677 0,000528020
רל 35 0,000027298
רם 489 0,000381391
רמ 191 0,000148969
רן 30 0,000023398
רנ 11 0,000008579
רס 0 0,000000000
רע 103 0,000080334
רף 209 0,000163008
רפ 1 0,000000780
רץ 0 0,000000000
רצ 11 0,000008579
רק 0 0,000000000
רר 0 0,000000000
רש 0 0,000000000
ר 1502 0,001171471
ר 0 0,000000000
ר‎ 0 0,000000000
ר‏ 1 0,000000780
ר 0 0,000000000
ש  6 0,000004680
שא 558 0,000435207
שב 0 0,000000000
שג 0 0,000000000
שד 0 0,000000000
שה 1 0,000000780
שו 2257 0,001760326
שז 0 0,000000000
שח 0 0,000000000
שט 1301 0,001014703
שי 0 0,000000000
שך 0 0,000000000
שכ 0 0,000000000
של 0 0,000000000
שם 114 0,000088913
שמ 4 0,000003120
שן 0 0,000000000
שנ 18 0,000014039
שס 0 0,000000000
שע 0 0,000000000
שף 339 0,000264400
שפ 0 0,000000000
שץ 0 0,000000000
שצ 0 0,000000000
שק 0 0,000000000
שר 0 0,000000000
שש 0 0,000000000
ש 46 0,000035877
ש 0 0,000000000
ש‎ 0 0,000000000
ש‏ 0 0,000000000
ש 0 0,000000000
ת  0 0,000000000
תא 0 0,000000000
תב 0 0,000000000
תג 0 0,000000000
תד 0 0,000000000
תה 0 0,000000000
תו 0 0,000000000
תז 0 0,000000000
תח 0 0,000000000
תט 0 0,000000000
תי 0 0,000000000
תך 0 0,000000000
תכ 0 0,000000000
תל 0 0,000000000
תם 0 0,000000000
תמ 0 0,000000000
תן 0 0,000000000
תנ 0 0,000000000
תס 0 0,000000000
תע 0 0,000000000
תף 0 0,000000000
תפ 0 0,000000000
תץ 0 0,000000000
תצ 0 0,000000000
תק 0 0,000000000
תר 0 0,000000000
תש 0 0,000000000
ת 0 0,000000000
ת 0 0,000000000
ת‎ 0 0,000000000
ת‏ 0 0,000000000
ת 0 0,000000000
  14746 0,011501003
א 0 0,000000000
ב 64 0,000049916
ג 7 0,000005460
ד 13 0,000010139
ה 31 0,000024178
ו 297 0,000231642
ז 0 0,000000000
ח 200 0,000155988
ט 55 0,000042897
י 0 0,000000000
ך 1079 0,000841556
כ 0 0,000000000
ל 189 0,000147409
ם 2147 0,001674532
מ 8 0,000006240
ן 12 0,000009359
נ 0 0,000000000
ס 1614 0,001258824
ע 99 0,000077214
ף 0 0,000000000
פ 16 0,000012479
ץ 0 0,000000000
צ 115 0,000089693
ק 25 0,000019499
ר 812 0,000633312
ש 7 0,000005460
 0 0,000000000
 0 0,000000000
‎ 0 0,000000000
‏ 550 0,000428967
 236 0,000184066
  4 0,000003120
א 0 0,000000000
ב 0 0,000000000
ג 0 0,000000000
ד 0 0,000000000
ה 1 0,000000780
ו 103 0,000080334
ז 0 0,000000000
ח 0 0,000000000
ט 0 0,000000000
י 0 0,000000000
ך 0 0,000000000
כ 0 0,000000000
ל 0 0,000000000
ם 0 0,000000000
מ 0 0,000000000
ן 0 0,000000000
נ 0 0,000000000
ס 0 0,000000000
ע 1 0,000000780
ף 0 0,000000000
פ 0 0,000000000
ץ 1 0,000000780
צ 0 0,000000000
ק 0 0,000000000
ר 0 0,000000000
ש 0 0,000000000
 0 0,000000000
 0 0,000000000
‎ 0 0,000000000
‏ 1 0,000000780
 77 0,000060055
‎  2 0,000001560
‎א 0 0,000000000
‎ב 1 0,000000780
‎ג 29 0,000022618
‎ד 5 0,000003900
‎ה 33 0,000025738
‎ו 0 0,000000000
‎ז 0 0,000000000
‎ח 3 0,000002340
‎ט 0 0,000000000
‎י 5 0,000003900
‎ך 488 0,000380611
‎כ 49 0,000038217
‎ל 33 0,000025738
‎ם 47 0,000036657
‎מ 0 0,000000000
‎ן 23 0,000017939
‎נ 21 0,000016379
‎ס 7 0,000005460
‎ע 3426 0,002672076
‎ף 1 0,000000780
‎פ 30 0,000023398
‎ץ 18 0,000014039
‎צ 0 0,000000000
‎ק 0 0,000000000
‎ר 1 0,000000780
‎ש 0 0,000000000
‎ 0 0,000000000
‎ 0 0,000000000
‎‎ 0 0,000000000
‎‏ 0 0,000000000
‎ 0 0,000000000
‏  2969 0,002315643
‏א 3 0,000002340
‏ב 245 0,000191085
‏ג 7 0,000005460
‏ד 12 0,000009359
‏ה 462 0,000360333
‏ו 3 0,000002340
‏ז 302 0,000235542
‏ח 92 0,000071755
‏ט 1 0,000000780
‏י 10 0,000007799
‏ך 73 0,000056936
‏כ 5 0,000003900
‏ל 47 0,000036657
‏ם 45 0,000035097
‏מ 2 0,000001560
‏ן 4 0,000003120
‏נ 43 0,000033537
‏ס 125 0,000097493
‏ע 527 0,000411029
‏ף 0 0,000000000
‏פ 0 0,000000000
‏ץ 12 0,000009359
‏צ 21 0,000016379
‏ק 169 0,000131810
‏ר 17 0,000013259
‏ש 986 0,000769021
‏ 0 0,000000000
‏ 0 0,000000000
‏‎ 0 0,000000000
‏‏ 34 0,000026518
‏ 0 0,000000000
  13937 0,010870031
א 0 0,000000000
ב 25 0,000019499
ג 399 0,000311196
ד 115 0,000089693
ה 855 0,000666849
ו 236 0,000184066
ז 157 0,000122451
ח 366 0,000285458
ט 8 0,000006240
י 23 0,000017939
ך 594 0,000463285
כ 970 0,000756542
ל 569 0,000443786
ם 632 0,000492922
מ 0 0,000000000
ן 18 0,000014039
נ 95 0,000074094
ס 605 0,000471864
ע 1331 0,001038101
ף 1 0,000000780
פ 0 0,000000000
ץ 228 0,000177826
צ 92 0,000071755
ק 115 0,000089693
ר 14 0,000010919
ש 412 0,000321336
 0 0,000000000
 0 0,000000000
‎ 0 0,000000000
‏ 166 0,000129470
 113 0,000088133
