1 2 1077854 0
   0 0,000000000
 א 0 0,000000000
 ב 0 0,000000000
 ג 0 0,000000000
 ד 0 0,000000000
 ה 0 0,000000000
 ו 0 0,000000000
 ז 0 0,000000000
 ח 0 0,000000000
 ט 0 0,000000000
 י 0 0,000000000
 ך 0 0,000000000
 כ 0 0,000000000
 ל 0 0,000000000
 ם 0 0,000000000
 מ 0 0,000000000
 ן 0 0,000000000
 נ 0 0,000000000
 ס 0 0,000000000
 ע 0 0,000000000
 ף 0 0,000000000
 פ 0 0,000000000
 ץ 0 0,000000000
 צ 0 0,000000000
 ק 0 0,000000000
 ר 0 0,000000000
 ש 0 0,000000000
  0 0,000000000
  0 0,000000000
 ‎ 0 0,000000000
 ‏ 0 0,000000000
  0 0,000000000
א  0 0,000000000
אא 234 0,000217098
אב 2252 0,002089339
אג 5618 0,005212213
אד 1351 0,001253418
אה 3179 0,002949382
או 2494 0,002313859
אז 1655 0,001535460
אח 4880 0,004527519
אט 1481 0,001374028
אי 598 0,000554807
אך 6359 0,005899691
אכ 10358 0,009609845
אל 4753 0,004409692
אם 7400 0,006865500
אמ 1609 0,001492782
אן 3433 0,003185035
אנ 2888 0,002679401
אס 6980 0,006475837
אע 7091 0,006578819
אף 1229 0,001140230
אפ 535 0,000496357
אץ 1331 0,001234862
אצ 455 0,000422135
אק 1817 0,001685759
אר 916 0,000849838
אש 452 0,000419352
א 0 0,000000000
א 0 0,000000000
א‎ 436 0,000404508
א‏ 1317 0,001221873
א 2992 0,002775889
ב  0 0,000000000
בא 974 0,000903648
בב 49 0,000045461
בג 379 0,000351625
בד 23 0,000021339
בה 80 0,000074222
בו 2278 0,002113461
בז 27 0,000025050
בח 78 0,000072366
בט 1850 0,001716375
בי 9 0,000008350
בך 199 0,000184626
בכ 2710 0,002514258
בל 127 0,000117827
בם 641 0,000594701
במ 3069 0,002847327
בן 251 0,000232870
בנ 1693 0,001570715
בס 473 0,000438835
בע 545 0,000505635
בף 1148 0,001065080
בפ 1 0,000000928
בץ 78 0,000072366
בצ 3 0,000002783
בק 146 0,000135454
בר 51 0,000047316
בש 260 0,000241220
ב 42 0,000038966
ב 115 0,000106694
ב‎ 133 0,000123393
ב‏ 7 0,000006494
ב 700 0,000649439
ג  0 0,000000000
גא 6916 0,006416460
גב 433 0,000401725
גג 631 0,000585423
גד 509 0,000472235
גה 939 0,000871176
גו 6195 0,005747537
גז 107 0,000099271
גח 913 0,000847054
גט 4025 0,003734275
גי 153 0,000141949
גך 1075 0,000997353
גכ 1185 0,001099408
גל 653 0,000605834
גם 2748 0,002549513
גמ 7706 0,007149398
גן 1317 0,001221873
גנ 1603 0,001487216
גס 4185 0,003882719
גע 963 0,000893443
גף 917 0,000850765
גפ 44 0,000040822
גץ 350 0,000324720
גצ 88 0,000081644
גק 254 0,000235654
גר 1234 0,001144869
גש 15 0,000013917
ג 177 0,000164215
ג 3 0,000002783
ג‎ 290 0,000269053
ג‏ 106 0,000098344
ג 391 0,000362758
ד  0 0,000000000
דא 1425 0,001322073
דב 108 0,000100199
דג 142 0,000131743
דד 18 0,000016700
דה 1462 0,001356400
דו 438 0,000406363
דז 3 0,000002783
דח 37 0,000034328
דט 995 0,000923131
די 0 0,000000000
דך 175 0,000162360
דכ 1831 0,001698747
דל 53 0,000049172
דם 524 0,000486152
דמ 8266 0,007668949
דן 150 0,000139166
דנ 2083 0,001932546
דס 123 0,000114116
דע 61 0,000056594
דף 639 0,000592845
דפ 1 0,000000928
דץ 5 0,000004639
דצ 0 0,000000000
דק 84 0,000077933
דר 10 0,000009278
דש 1 0,000000928
ד 0 0,000000000
ד 0 0,000000000
ד‎ 14 0,000012989
ד‏ 1 0,000000928
ד 13 0,000012061
ה  0 0,000000000
הא 5638 0,005230769
הב 99 0,000091849
הג 1349 0,001251562
הד 102 0,000094633
הה 159 0,000147515
הו 5913 0,005485906
הז 265 0,000245859
הח 63 0,000058450
הט 3344 0,003102464
הי 63 0,000058450
הך 494 0,000458319
הכ 858 0,000796027
הל 196 0,000181843
הם 2447 0,002270254
המ 4471 0,004148061
הן 294 0,000272764
הנ 1213 0,001125385
הס 621 0,000576145
הע 431 0,000399869
הף 1674 0,001553087
הפ 11 0,000010205
הץ 120 0,000111332
הצ 249 0,000231015
הק 113 0,000104838
הר 137 0,000127105
הש 0 0,000000000
ה 388 0,000359975
ה 19 0,000017628
ה‎ 36 0,000033400
ה‏ 38 0,000035255
ה 432 0,000400797
ו  0 0,000000000
וא 426 0,000395230
וב 3275 0,003038448
וג 4298 0,003987557
וד 4203 0,003899419
וה 5221 0,004843889
וו 2488 0,002308293
וז 1225 0,001136519
וח 2460 0,002282315
וט 1578 0,001464022
וי 3125 0,002899282
וך 3133 0,002906704
וכ 6547 0,006074112
ול 6391 0,005929380
ום 11918 0,011057166
ומ 2032 0,001885229
ון 3903 0,003621087
ונ 8323 0,007721832
וס 7932 0,007359074
וע 7978 0,007401751
וף 865 0,000802521
ופ 170 0,000157721
וץ 746 0,000692117
וצ 363 0,000336781
וק 2038 0,001890796
ור 1580 0,001465877
וש 1005 0,000932409
ו 0 0,000000000
ו 0 0,000000000
ו‎ 429 0,000398013
ו‏ 133 0,000123393
ו 366 0,000339564
ז  0 0,000000000
זא 1324 0,001228368
זב 51 0,000047316
זג 22 0,000020411
זד 15 0,000013917
זה 1080 0,001001992
זו 4299 0,003988484
זז 11 0,000010205
זח 8 0,000007422
זט 1643 0,001524327
זי 0 0,000000000
זך 117 0,000108549
זכ 17 0,000015772
זל 11 0,000010205
זם 1823 0,001691325
זמ 127 0,000117827
זן 19 0,000017628
זנ 8 0,000007422
זס 21 0,000019483
זע 25 0,000023194
זף 328 0,000304309
זפ 0 0,000000000
זץ 5 0,000004639
זצ 0 0,000000000
זק 40 0,000037111
זר 0 0,000000000
זש 0 0,000000000
ז 74 0,000068655
ז 0 0,000000000
ז‎ 9 0,000008350
ז‏ 0 0,000000000
ז 8 0,000007422
ח  0 0,000000000
חא 6068 0,005629710
חב 282 0,000261631
חג 1616 0,001499277
חד 551 0,000511201
חה 1352 0,001254345
חו 591 0,000548312
חז 112 0,000103910
חח 188 0,000174421
חט 687 0,000637378
חי 0 0,000000000
חך 427 0,000396158
חכ 323 0,000299670
חל 805 0,000746855
חם 2503 0,002322209
חמ 1395 0,001294240
חן 229 0,000212459
חנ 550 0,000510274
חס 204 0,000189265
חע 141 0,000130816
חף 565 0,000524190
חפ 12 0,000011133
חץ 8 0,000007422
חצ 73 0,000067727
חק 61 0,000056594
חר 23 0,000021339
חש 0 0,000000000
ח 187 0,000173493
ח 14 0,000012989
ח‎ 53 0,000049172
ח‏ 15 0,000013917
ח 197 0,000182771
ט  0 0,000000000
טא 537 0,000498213
טב 1792 0,001662564
טג 5562 0,005160259
טד 1136 0,001053947
טה 2962 0,002748056
טו 3728 0,003458728
טז 532 0,000493574
טח 3714 0,003445739
טט 2545 0,002361175
טי 1301 0,001207029
טך 3927 0,003643354
טכ 6531 0,006059268
טל 4413 0,004094251
טם 6196 0,005748465
טמ 2299 0,002132944
טן 2893 0,002684040
טנ 2299 0,002132944
טס 6119 0,005677026
טע 6354 0,005895053
טף 590 0,000547384
טפ 171 0,000158649
טץ 2414 0,002239638
טצ 1698 0,001575354
טק 2102 0,001950173
טר 1133 0,001051164
טש 206 0,000191121
ט 0 0,000000000
ט 0 0,000000000
ט‎ 411 0,000381314
ט‏ 511 0,000474091
ט 2387 0,002214588
י  0 0,000000000
יא 160 0,000148443
יב 347 0,000321936
יג 838 0,000777472
יד 213 0,000197615
יה 583 0,000540890
יו 125 0,000115971
יז 115 0,000106694
יח 321 0,000297814
יט 604 0,000560373
יי 0 0,000000000
יך 649 0,000602123
יכ 218 0,000202254
יל 555 0,000514913
ים 1241 0,001151363
ימ 574 0,000532540
ין 989 0,000917565
ינ 352 0,000326575
יס 1800 0,001669987
יע 801 0,000743144
יף 205 0,000190193
יפ 75 0,000069583
יץ 78 0,000072366
יצ 54 0,000050100
יק 391 0,000362758
יר 179 0,000166071
יש 6 0,000005567
י 0 0,000000000
י 0 0,000000000
י‎ 212 0,000196687
י‏ 11 0,000010205
י 90 0,000083499
ך  0 0,000000000
ךא 8365 0,007760799
ךב 353 0,000327503
ךג 681 0,000631812
ךד 131 0,000121538
ךה 178 0,000165143
ךו 886 0,000822005
ךז 116 0,000107621
ךח 160 0,000148443
ךט 3497 0,003244413
ךי 0 0,000000000
ךך 260 0,000241220
ךכ 927 0,000860043
ךל 291 0,000269981
ךם 873 0,000809943
ךמ 10643 0,009874259
ךן 409 0,000379458
ךנ 2800 0,002597757
ךס 1350 0,001252490
ךע 1610 0,001493710
ךף 2478 0,002299015
ךפ 14 0,000012989
ךץ 25 0,000023194
ךצ 128 0,000118755
ךק 259 0,000240293
ךר 36 0,000033400
ךש 0 0,000000000
ך 0 0,000000000
ך 0 0,000000000
ך‎ 122 0,000113188
ך‏ 17 0,000015772
ך 62 0,000057522
כ  0 0,000000000
כא 9049 0,008395393
כב 402 0,000372964
כג 627 0,000581712
כד 335 0,000310803
כה 214 0,000198543
כו 5634 0,005227058
כז 426 0,000395230
כח 199 0,000184626
כט 9415 0,008734957
כי 54 0,000050100
כך 858 0,000796027
ככ 347 0,000321936
כל 291 0,000269981
כם 1147 0,001064153
כמ 8675 0,008048408
כן 524 0,000486152
כנ 108 0,000100199
כס 1926 0,001786886
כע 323 0,000299670
כף 1556 0,001443611
כפ 24 0,000022266
כץ 103 0,000095560
כצ 13 0,000012061
כק 520 0,000482441
כר 175 0,000162360
כש 8 0,000007422
כ 5296 0,004913472
כ 0 0,000000000
כ‎ 102 0,000094633
כ‏ 1067 0,000989931
כ 2213 0,002053156
ל  0 0,000000000
לא 3396 0,003150708
לב 546 0,000506563
לג 976 0,000905504
לד 271 0,000251426
לה 543 0,000503779
לו 5072 0,004705651
לז 103 0,000095560
לח 282 0,000261631
לט 4214 0,003909624
לי 79 0,000073294
לך 756 0,000701394
לכ 442 0,000410074
לל 644 0,000597484
לם 2694 0,002499413
למ 5595 0,005190875
לן 1403 0,001301662
לנ 280 0,000259776
לס 1567 0,001453816
לע 664 0,000616039
לף 2820 0,002616312
לפ 70 0,000064944
לץ 183 0,000169782
לצ 29 0,000026905
לק 518 0,000480585
לר 187 0,000173493
לש 6 0,000005567
ל 57 0,000052883
ל 0 0,000000000
ל‎ 128 0,000118755
ל‏ 17 0,000015772
ל 682 0,000632739
ם  0 0,000000000
םא 13446 0,012474800
םב 347 0,000321936
םג 506 0,000469452
םד 139 0,000128960
םה 466 0,000432341
םו 13503 0,012527682
םז 46 0,000042677
םח 222 0,000205965
םט 11174 0,010366905
םי 1040 0,000964881
םך 580 0,000538107
םכ 60 0,000055666
םל 1321 0,001225585
םם 5601 0,005196441
םמ 13085 0,012139875
םן 564 0,000523262
םנ 345 0,000320081
םס 1015 0,000941687
םע 2483 0,002303654
םף 3249 0,003014326
םפ 89 0,000082572
םץ 840 0,000779327
םצ 306 0,000283898
םק 307 0,000284825
םר 36 0,000033400
םש 85 0,000078860
ם 850 0,000788605
ם 2 0,000001856
ם‎ 52 0,000048244
ם‏ 183 0,000169782
ם 1655 0,001535460
מ  0 0,000000000
מא 203 0,000188337
מב 7368 0,006835812
מג 11523 0,010690697
מד 6729 0,006242966
מה 6895 0,006396976
מו 3209 0,002977215
מז 2873 0,002665484
מח 3037 0,002817638
מט 2457 0,002279532
מי 4587 0,004255682
מך 3928 0,003644282
מכ 8780 0,008145823
מל 8513 0,007898108
מם 11760 0,010910579
ממ 2471 0,002292520
מן 5311 0,004927388
מנ 7314 0,006785712
מס 11013 0,010217534
מע 11466 0,010637814
מף 775 0,000719022
מפ 241 0,000223593
מץ 878 0,000814582
מצ 218 0,000202254
מק 3506 0,003252763
מר 956 0,000886948
מש 433 0,000401725
מ 0 0,000000000
מ 0 0,000000000
מ‎ 636 0,000590062
מ‏ 161 0,000149371
מ 1231 0,001142085
ן  0 0,000000000
ןא 1746 0,001619887
ןב 12 0,000011133
ןג 33 0,000030616
ןד 1 0,000000928
ןה 10 0,000009278
ןו 3001 0,002784239
ןז 2 0,000001856
ןח 2 0,000001856
ןט 1214 0,001126313
ןי 6 0,000005567
ןך 177 0,000164215
ןכ 1252 0,001161568
ןל 19 0,000017628
ןם 234 0,000217098
ןמ 12112 0,011237154
ןן 134 0,000124321
ןנ 8921 0,008276639
ןס 262 0,000243076
ןע 684 0,000634595
ןף 1048 0,000972303
ןפ 2 0,000001856
ןץ 17 0,000015772
ןצ 0 0,000000000
ןק 18 0,000016700
ןר 26 0,000024122
ןש 2 0,000001856
ן 57 0,000052883
ן 0 0,000000000
ן‎ 1 0,000000928
ן‏ 7 0,000006494
ן 203 0,000188337
נ  0 0,000000000
נא 9598 0,008904739
נב 179 0,000166071
נג 983 0,000911998
נד 304 0,000282042
נה 245 0,000227304
נו 9125 0,008465904
נז 444 0,000411930
נח 101 0,000093705
נט 6039 0,005602805
ני 188 0,000174421
נך 446 0,000413786
נכ 284 0,000263487
נל 539 0,000500068
נם 1661 0,001541027
נמ 10170 0,009435424
נן 237 0,000219882
ננ 162 0,000150299
נס 406 0,000376675
נע 1110 0,001029825
נף 2957 0,002743417
נפ 15 0,000013917
נץ 402 0,000372964
נצ 57 0,000052883
נק 145 0,000134527
נר 241 0,000223593
נש 40 0,000037111
נ 664 0,000616039
נ 0 0,000000000
נ‎ 37 0,000034328
נ‏ 145 0,000134527
נ 1315 0,001220018
ס  0 0,000000000
סא 1935 0,001795236
סב 270 0,000250498
סג 2119 0,001965945
סד 178 0,000165143
סה 470 0,000436052
סו 4133 0,003834475
סז 48 0,000044533
סח 102 0,000094633
סט 2175 0,002017900
סי 0 0,000000000
סך 3990 0,003701804
סכ 4354 0,004039512
סל 1389 0,001288673
סם 2008 0,001862963
סמ 3484 0,003232352
סן 3190 0,002959587
סנ 513 0,000475946
סס 1121 0,001040031
סע 14528 0,013478647
סף 1005 0,000932409
ספ 84 0,000077933
סץ 263 0,000244004
סצ 95 0,000088138
סק 548 0,000508418
סר 116 0,000107621
סש 17 0,000015772
ס 4349 0,004034873
ס 18 0,000016700
ס‎ 141 0,000130816
ס‏ 226 0,000209676
ס 5139 0,004767811
ע  0 0,000000000
עא 6953 0,006450787
עב 979 0,000908287
עג 4136 0,003837258
עד 172 0,000159576
עה 568 0,000526974
עו 6530 0,006058340
עז 121 0,000112260
עח 244 0,000226376
עט 5227 0,004849455
עי 100 0,000092777
עך 1348 0,001250634
עכ 521 0,000483368
על 564 0,000523262
עם 2899 0,002689606
עמ 19691 0,018268725
ען 1026 0,000951892
ענ 5533 0,005133353
עס 2451 0,002273965
עע 613 0,000568723
עף 1936 0,001796163
עפ 47 0,000043605
עץ 160 0,000148443
עצ 89 0,000082572
עק 555 0,000514913
ער 39 0,000036183
עש 36 0,000033400
ע 7778 0,007216197
ע 7 0,000006494
ע‎ 192 0,000178132
ע‏ 60 0,000055666
ע 752 0,000697683
ף  0 0,000000000
ףא 227 0,000210604
ףב 922 0,000855404
ףג 1523 0,001412994
ףד 1380 0,001280323
ףה 2268 0,002104183
ףו 383 0,000355336
ףז 1694 0,001571643
ףח 553 0,000513057
ףט 1076 0,000998281
ףי 122 0,000113188
ףך 1340 0,001243212
ףכ 1945 0,001804513
ףל 1448 0,001343411
ףם 1384 0,001284034
ףמ 461 0,000427702
ףן 1445 0,001340628
ףנ 1173 0,001088275
ףס 2095 0,001943679
ףע 2520 0,002337981
ףף 141 0,000130816
ףפ 38 0,000035255
ףץ 500 0,000463885
ףצ 21 0,000019483
ףק 1639 0,001520616
ףר 852 0,000790460
ףש 631 0,000585423
ף 0 0,000000000
ף 0 0,000000000
ף‎ 117 0,000108549
ף‏ 1384 0,001284034
ף 215 0,000199471
פ  0 0,000000000
פא 257 0,000238437
פב 8 0,000007422
פג 15 0,000013917
פד 1 0,000000928
פה 5 0,000004639
פו 182 0,000168854
פז 0 0,000000000
פח 7 0,000006494
פט 405 0,000375747
פי 0 0,000000000
פך 9 0,000008350
פכ 54 0,000050100
פל 5 0,000004639
פם 25 0,000023194
פמ 552 0,000512129
פן 25 0,000023194
פנ 104 0,000096488
פס 22 0,000020411
פע 20 0,000018555
פף 117 0,000108549
פפ 27 0,000025050
פץ 1 0,000000928
פצ 0 0,000000000
פק 0 0,000000000
פר 2 0,000001856
פש 0 0,000000000
פ 1 0,000000928
פ 0 0,000000000
פ‎ 2 0,000001856
פ‏ 0 0,000000000
פ 2 0,000001856
ץ  0 0,000000000
ץא 402 0,000372964
ץב 179 0,000166071
ץג 622 0,000577073
ץד 83 0,000077005
ץה 237 0,000219882
ץו 151 0,000140093
ץז 37 0,000034328
ץח 137 0,000127105
ץט 501 0,000464813
ץי 0 0,000000000
ץך 302 0,000280187
ץכ 273 0,000253281
ץל 280 0,000259776
ץם 603 0,000559445
ץמ 3055 0,002834338
ץן 569 0,000527901
ץנ 307 0,000284825
ץס 558 0,000517696
ץע 247 0,000229159
ץף 263 0,000244004
ץפ 40 0,000037111
ץץ 26 0,000024122
ץצ 20 0,000018555
ץק 112 0,000103910
ץר 45 0,000041750
ץש 1 0,000000928
ץ 0 0,000000000
ץ 10 0,000009278
ץ‎ 72 0,000066799
ץ‏ 6 0,000005567
ץ 46 0,000042677
צ  0 0,000000000
צא 707 0,000655934
צב 23 0,000021339
צג 150 0,000139166
צד 12 0,000011133
צה 37 0,000034328
צו 1063 0,000986220
צז 0 0,000000000
צח 13 0,000012061
צט 1256 0,001165280
צי 0 0,000000000
צך 54 0,000050100
צכ 13 0,000012061
צל 18 0,000016700
צם 60 0,000055666
צמ 258 0,000239365
צן 44 0,000040822
צנ 18 0,000016700
צס 47 0,000043605
צע 31 0,000028761
צף 200 0,000185554
צפ 0 0,000000000
צץ 7 0,000006494
צצ 3 0,000002783
צק 8 0,000007422
צר 0 0,000000000
צש 0 0,000000000
צ 0 0,000000000
צ 0 0,000000000
צ‎ 5 0,000004639
צ‏ 1 0,000000928
צ 6 0,000005567
ק  0 0,000000000
קא 2173 0,002016045
קב 0 0,000000000
קג 27 0,000025050
קד 0 0,000000000
קה 2 0,000001856
קו 4626 0,004291866
קז 0 0,000000000
קח 2 0,000001856
קט 1823 0,001691325
קי 0 0,000000000
קך 444 0,000411930
קכ 94 0,000087210
קל 1 0,000000928
קם 1513 0,001403717
קמ 94 0,000087210
קן 4 0,000003711
קנ 24 0,000022266
קס 7 0,000006494
קע 5063 0,004697301
קף 800 0,000742216
קפ 4 0,000003711
קץ 1 0,000000928
קצ 1 0,000000928
קק 1 0,000000928
קר 123 0,000114116
קש 0 0,000000000
ק 325 0,000301525
ק 0 0,000000000
ק‎ 0 0,000000000
ק‏ 0 0,000000000
ק 0 0,000000000
ר  0 0,000000000
רא 836 0,000775616
רב 7 0,000006494
רג 73 0,000067727
רד 1 0,000000928
רה 7 0,000006494
רו 2361 0,002190466
רז 0 0,000000000
רח 2 0,000001856
רט 1782 0,001653287
רי 0 0,000000000
רך 789 0,000732011
רכ 678 0,000629028
רל 37 0,000034328
רם 490 0,000454607
רמ 193 0,000179060
רן 34 0,000031544
רנ 13 0,000012061
רס 4 0,000003711
רע 106 0,000098344
רף 209 0,000193904
רפ 1 0,000000928
רץ 0 0,000000000
רצ 11 0,000010205
רק 1 0,000000928
רר 0 0,000000000
רש 0 0,000000000
ר 1502 0,001393511
ר 0 0,000000000
ר‎ 1 0,000000928
ר‏ 1 0,000000928
ר 0 0,000000000
ש  0 0,000000000
שא 558 0,000517696
שב 0 0,000000000
שג 3 0,000002783
שד 0 0,000000000
שה 1 0,000000928
שו 2257 0,002093978
שז 0 0,000000000
שח 0 0,000000000
שט 1301 0,001207029
שי 0 0,000000000
שך 0 0,000000000
שכ 0 0,000000000
של 1 0,000000928
שם 114 0,000105766
שמ 6 0,000005567
שן 1 0,000000928
שנ 18 0,000016700
שס 0 0,000000000
שע 0 0,000000000
שף 339 0,000314514
שפ 0 0,000000000
שץ 0 0,000000000
שצ 0 0,000000000
שק 0 0,000000000
שר 0 0,000000000
שש 0 0,000000000
ש 46 0,000042677
ש 0 0,000000000
ש‎ 0 0,000000000
ש‏ 0 0,000000000
ש 0 0,000000000
ת  0 0,000000000
תא 0 0,000000000
תב 0 0,000000000
תג 0 0,000000000
תד 0 0,000000000
תה 0 0,000000000
תו 0 0,000000000
תז 0 0,000000000
תח 0 0,000000000
תט 0 0,000000000
תי 0 0,000000000
תך 0 0,000000000
תכ 0 0,000000000
תל 0 0,000000000
תם 0 0,000000000
תמ 0 0,000000000
תן 0 0,000000000
תנ 0 0,000000000
תס 0 0,000000000
תע 0 0,000000000
תף 0 0,000000000
תפ 0 0,000000000
תץ 0 0,000000000
תצ 0 0,000000000
תק 0 0,000000000
תר 0 0,000000000
תש 0 0,000000000
ת 0 0,000000000
ת 0 0,000000000
ת‎ 0 0,000000000
ת‏ 0 0,000000000
ת 0 0,000000000
  0 0,000000000
א 150 0,000139166
ב 564 0,000523262
ג 1711 0,001587415
ד 253 0,000234726
ה 630 0,000584495
ו 862 0,000799738
ז 87 0,000080716
ח 623 0,000578001
ט 1097 0,001017764
י 0 0,000000000
ך 1930 0,001790597
כ 315 0,000292248
ל 720 0,000667995
ם 3681 0,003415122
מ 1078 0,001000136
ן 1374 0,001274756
נ 303 0,000281114
ס 2992 0,002775889
ע 872 0,000809016
ף 349 0,000323792
פ 44 0,000040822
ץ 112 0,000103910
צ 143 0,000132671
ק 723 0,000670778
ר 864 0,000801594
ש 12 0,000011133
 0 0,000000000
 0 0,000000000
‎ 311 0,000288537
‏ 554 0,000513985
 403 0,000373891
  0 0,000000000
א 0 0,000000000
ב 0 0,000000000
ג 0 0,000000000
ד 0 0,000000000
ה 3 0,000002783
ו 103 0,000095560
ז 0 0,000000000
ח 0 0,000000000
ט 2 0,000001856
י 0 0,000000000
ך 0 0,000000000
כ 0 0,000000000
ל 0 0,000000000
ם 0 0,000000000
מ 0 0,000000000
ן 0 0,000000000
נ 0 0,000000000
ס 0 0,000000000
ע 1 0,000000928
ף 0 0,000000000
פ 0 0,000000000
ץ 1 0,000000928
צ 0 0,000000000
ק 0 0,000000000
ר 0 0,000000000
ש 0 0,000000000
 0 0,000000000
 0 0,000000000
‎ 0 0,000000000
‏ 1 0,000000928
 77 0,000071438
‎  0 0,000000000
‎א 0 0,000000000
‎ב 1 0,000000928
‎ג 29 0,000026905
‎ד 5 0,000004639
‎ה 33 0,000030616
‎ו 0 0,000000000
‎ז 0 0,000000000
‎ח 3 0,000002783
‎ט 0 0,000000000
‎י 5 0,000004639
‎ך 489 0,000453680
‎כ 49 0,000045461
‎ל 33 0,000030616
‎ם 47 0,000043605
‎מ 0 0,000000000
‎ן 23 0,000021339
‎נ 21 0,000019483
‎ס 8 0,000007422
‎ע 3426 0,003178541
‎ף 1 0,000000928
‎פ 30 0,000027833
‎ץ 18 0,000016700
‎צ 0 0,000000000
‎ק 0 0,000000000
‎ר 1 0,000000928
‎ש 0 0,000000000
‎ 0 0,000000000
‎ 0 0,000000000
‎‎ 0 0,000000000
‎‏ 0 0,000000000
‎ 0 0,000000000
‏  0 0,000000000
‏א 49 0,000045461
‏ב 353 0,000327503
‏ג 255 0,000236581
‏ד 77 0,000071438
‏ה 609 0,000565012
‏ו 65 0,000060305
‏ז 335 0,000310803
‏ח 183 0,000169782
‏ט 197 0,000182771
‏י 10 0,000009278
‏ך 283 0,000262559
‏כ 61 0,000056594
‏ל 179 0,000166071
‏ם 286 0,000265342
‏מ 199 0,000184626
‏ן 300 0,000278331
‏נ 149 0,000138238
‏ס 401 0,000372036
‏ע 705 0,000654078
‏ף 53 0,000049172
‏פ 26 0,000024122
‏ץ 36 0,000033400
‏צ 26 0,000024122
‏ק 302 0,000280187
‏ר 31 0,000028761
‏ש 989 0,000917565
‏ 0 0,000000000
‏ 0 0,000000000
‏‎ 68 0,000063088
‏‏ 37 0,000034328
‏ 37 0,000034328
  0 0,000000000
א 153 0,000141949
ב 688 0,000638306
ג 2122 0,001968729
ד 343 0,000318225
ה 1433 0,001329495
ו 499 0,000462957
ז 262 0,000243076
ח 858 0,000796027
ט 902 0,000836849
י 23 0,000021339
ך 1355 0,001257129
כ 1157 0,001073430
ל 1067 0,000989931
ם 2334 0,002165416
מ 962 0,000892515
ן 1477 0,001370317
נ 421 0,000390591
ס 1834 0,001701531
ע 2067 0,001917701
ף 360 0,000333997
פ 42 0,000038966
ץ 316 0,000293175
צ 130 0,000120610
ק 624 0,000578929
ר 59 0,000054738
ש 415 0,000385025
 0 0,000000000
 0 0,000000000
‎ 205 0,000190193
‏ 182 0,000168854
 249 0,000231015
