     |      à       |      á       |      â       |      ã       |      ä       |      å       |      æ       |      ç       |      è       |      é       |      ê       |      ë       |      ì       |      í       |      î       |      ï       |      ð       |      ñ       |      ò       |      ó       |      ô       |      õ       |      ö       |      ÷       |      ø       |      ù       |      ü       |      û       |      ý       |      þ       |      ÿ       |      ' '      |
-------------------------------------------------------------------------------------------------------------------------------------------------------------------------------------------------------------------------------------------------------------------------------------------------------------------------------------------------------------------------------------------------------------------------------------------------------------------
à    | 0,000217098  | 0,002089337  | 0,005212209  | 0,001253417  | 0,002949379  | 0,002313857  | 0,001535458  | 0,004527515  | 0,001374027  | 0,000554806  | 0,005899686  | 0,009609836  | 0,004409688  | 0,006865494  | 0,001492781  | 0,003185032  | 0,002679398  | 0,006475830  | 0,006578813  | 0,001140229  | 0,000496357  | 0,001234861  | 0,000422135  | 0,001685757  | 0,000849837  | 0,000419352  | 0,000000000  | 0,000000000  | 0,000404507  | 0,001221872  | 0,002775886 | 0,000000000 |
-------------------------------------------------------------------------------------------------------------------------------------------------------------------------------------------------------------------------------------------------------------------------------------------------------------------------------------------------------------------------------------------------------------------------------------------------------------------
á    | 0,000903647  | 0,000045461  | 0,000351625  | 0,000021339  | 0,000074222  | 0,002113459  | 0,000025050  | 0,000072366  | 0,001716373  | 0,000008350  | 0,000184626  | 0,002514255  | 0,000117827  | 0,000594700  | 0,002847324  | 0,000232870  | 0,001570714  | 0,000438835  | 0,000505634  | 0,001065079  | 0,000000928  | 0,000072366  | 0,000002783  | 0,000135454  | 0,000047316  | 0,000241220  | 0,000106693  | 0,000038966  | 0,000123393  | 0,000006494  | 0,000649439 | 0,000000000 |
-------------------------------------------------------------------------------------------------------------------------------------------------------------------------------------------------------------------------------------------------------------------------------------------------------------------------------------------------------------------------------------------------------------------------------------------------------------------
â    | 0,006416454  | 0,000401724  | 0,000585423  | 0,000472235  | 0,000871175  | 0,005747532  | 0,000099271  | 0,000847053  | 0,003734272  | 0,000141949  | 0,000997352  | 0,001099407  | 0,000605833  | 0,002549510  | 0,007149391  | 0,001221872  | 0,001487214  | 0,003882715  | 0,000893442  | 0,000850765  | 0,000040822  | 0,000324719  | 0,000081644  | 0,000235653  | 0,001144868  | 0,000013917  | 0,000002783  | 0,000164215  | 0,000269053  | 0,000098344  | 0,000362758 | 0,000000000 |
-------------------------------------------------------------------------------------------------------------------------------------------------------------------------------------------------------------------------------------------------------------------------------------------------------------------------------------------------------------------------------------------------------------------------------------------------------------------
ã    | 0,001322071  | 0,000100199  | 0,000131743  | 0,000016700  | 0,001356399  | 0,000406363  | 0,000002783  | 0,000034327  | 0,000923131  | 0,000000000  | 0,000162360  | 0,001698746  | 0,000049172  | 0,000486151  | 0,007668942  | 0,000139165  | 0,001932544  | 0,000114116  | 0,000056594  | 0,000592845  | 0,000000928  | 0,000004639  | 0,000000000  | 0,000077933  | 0,000009278  | 0,000000928  | 0,000000000  | 0,000000000  | 0,000012989  | 0,000000928  | 0,000012061 | 0,000000000 |
-------------------------------------------------------------------------------------------------------------------------------------------------------------------------------------------------------------------------------------------------------------------------------------------------------------------------------------------------------------------------------------------------------------------------------------------------------------------
ä    | 0,005230764  | 0,000091849  | 0,001251561  | 0,000094632  | 0,000147515  | 0,005485901  | 0,000245859  | 0,000058449  | 0,003102461  | 0,000058449  | 0,000458318  | 0,000796026  | 0,000181843  | 0,002270252  | 0,004148057  | 0,000272764  | 0,001125384  | 0,000576145  | 0,000399869  | 0,001553086  | 0,000010205  | 0,000111332  | 0,000231015  | 0,000104838  | 0,000127104  | 0,000000000  | 0,000017628  | 0,000359975  | 0,000033400  | 0,000035255  | 0,000400796 | 0,000000000 |
-------------------------------------------------------------------------------------------------------------------------------------------------------------------------------------------------------------------------------------------------------------------------------------------------------------------------------------------------------------------------------------------------------------------------------------------------------------------
å    | 0,000395230  | 0,003038445  | 0,003987553  | 0,003899415  | 0,004843884  | 0,002308290  | 0,001136518  | 0,002282313  | 0,001464020  | 0,002899280  | 0,002906702  | 0,006074106  | 0,005929375  | 0,011057156  | 0,001885228  | 0,003621084  | 0,007721825  | 0,007359067  | 0,007401744  | 0,000802521  | 0,000157721  | 0,000692116  | 0,000336780  | 0,001890794  | 0,001465876  | 0,000932408  | 0,000000000  | 0,000000000  | 0,000398013  | 0,000123393  | 0,000339564 | 0,000000000 |
-------------------------------------------------------------------------------------------------------------------------------------------------------------------------------------------------------------------------------------------------------------------------------------------------------------------------------------------------------------------------------------------------------------------------------------------------------------------
æ    | 0,001228367  | 0,000047316  | 0,000020411  | 0,000013917  | 0,001001991  | 0,003988481  | 0,000010205  | 0,000007422  | 0,001524325  | 0,000000000  | 0,000108549  | 0,000015772  | 0,000010205  | 0,001691324  | 0,000117827  | 0,000017628  | 0,000007422  | 0,000019483  | 0,000023194  | 0,000304308  | 0,000000000  | 0,000004639  | 0,000000000  | 0,000037111  | 0,000000000  | 0,000000000  | 0,000000000  | 0,000068655  | 0,000008350  | 0,000000000  | 0,000007422 | 0,000000000 |
-------------------------------------------------------------------------------------------------------------------------------------------------------------------------------------------------------------------------------------------------------------------------------------------------------------------------------------------------------------------------------------------------------------------------------------------------------------------
ç    | 0,005629705  | 0,000261631  | 0,001499275  | 0,000511201  | 0,001254344  | 0,000548312  | 0,000103910  | 0,000174421  | 0,000637378  | 0,000000000  | 0,000396158  | 0,000299670  | 0,000746854  | 0,002322207  | 0,001294238  | 0,000212459  | 0,000510273  | 0,000189265  | 0,000130815  | 0,000524190  | 0,000011133  | 0,000007422  | 0,000067727  | 0,000056594  | 0,000021339  | 0,000000000  | 0,000012989  | 0,000173493  | 0,000049172  | 0,000013917  | 0,000182771 | 0,000000000 |
-------------------------------------------------------------------------------------------------------------------------------------------------------------------------------------------------------------------------------------------------------------------------------------------------------------------------------------------------------------------------------------------------------------------------------------------------------------------
è    | 0,000498212  | 0,001662563  | 0,005160253  | 0,001053946  | 0,002748053  | 0,003458724  | 0,000493573  | 0,003445736  | 0,002361173  | 0,001207028  | 0,003643351  | 0,006059262  | 0,004094246  | 0,005748460  | 0,002132942  | 0,002684037  | 0,002132942  | 0,005677021  | 0,005895047  | 0,000547384  | 0,000158649  | 0,002239635  | 0,001575353  | 0,001950171  | 0,001051163  | 0,000191121  | 0,000000000  | 0,000000000  | 0,000381313  | 0,000474090  | 0,002214586 | 0,000000000 |
-------------------------------------------------------------------------------------------------------------------------------------------------------------------------------------------------------------------------------------------------------------------------------------------------------------------------------------------------------------------------------------------------------------------------------------------------------------------
é    | 0,000148443  | 0,000321936  | 0,000777471  | 0,000197615  | 0,000540890  | 0,000115971  | 0,000106693  | 0,000297814  | 0,000560373  | 0,000000000  | 0,000602122  | 0,000202254  | 0,000514912  | 0,001151362  | 0,000532540  | 0,000917564  | 0,000326575  | 0,001669985  | 0,000743143  | 0,000190193  | 0,000069583  | 0,000072366  | 0,000050100  | 0,000362758  | 0,000166071  | 0,000005567  | 0,000000000  | 0,000000000  | 0,000196687  | 0,000010205  | 0,000083499 | 0,000000000 |
-------------------------------------------------------------------------------------------------------------------------------------------------------------------------------------------------------------------------------------------------------------------------------------------------------------------------------------------------------------------------------------------------------------------------------------------------------------------
ê    | 0,007760792  | 0,000327503  | 0,000631811  | 0,000121538  | 0,000165143  | 0,000822004  | 0,000107621  | 0,000148443  | 0,003244410  | 0,000000000  | 0,000241220  | 0,000860042  | 0,000269981  | 0,000809943  | 0,009874250  | 0,000379458  | 0,002597754  | 0,001252489  | 0,001493709  | 0,002299013  | 0,000012989  | 0,000023194  | 0,000118754  | 0,000240292  | 0,000033400  | 0,000000000  | 0,000000000  | 0,000000000  | 0,000113188  | 0,000015772  | 0,000057522 | 0,000000000 |
-------------------------------------------------------------------------------------------------------------------------------------------------------------------------------------------------------------------------------------------------------------------------------------------------------------------------------------------------------------------------------------------------------------------------------------------------------------------
ë    | 0,008395386  | 0,000372963  | 0,000581711  | 0,000310803  | 0,000198543  | 0,005227053  | 0,000395230  | 0,000184626  | 0,008734949  | 0,000050100  | 0,000796026  | 0,000321936  | 0,000269981  | 0,001064152  | 0,008048400  | 0,000486151  | 0,000100199  | 0,001786884  | 0,000299670  | 0,001443609  | 0,000022266  | 0,000095560  | 0,000012061  | 0,000482440  | 0,000162360  | 0,000007422  | 0,000000000  | 0,004913467  | 0,000094632  | 0,000989930  | 0,002053154 | 0,000000000 |
-------------------------------------------------------------------------------------------------------------------------------------------------------------------------------------------------------------------------------------------------------------------------------------------------------------------------------------------------------------------------------------------------------------------------------------------------------------------
ì    | 0,003150705  | 0,000506562  | 0,000905503  | 0,000251426  | 0,000503779  | 0,004705647  | 0,000095560  | 0,000261631  | 0,003909620  | 0,000073294  | 0,000701394  | 0,000410074  | 0,000597484  | 0,002499411  | 0,005190870  | 0,001301661  | 0,000259775  | 0,001453815  | 0,000616039  | 0,002616310  | 0,000064944  | 0,000169782  | 0,000026905  | 0,000480585  | 0,000173493  | 0,000005567  | 0,000000000  | 0,000052883  | 0,000118754  | 0,000015772  | 0,000632739 | 0,000000000 |
-------------------------------------------------------------------------------------------------------------------------------------------------------------------------------------------------------------------------------------------------------------------------------------------------------------------------------------------------------------------------------------------------------------------------------------------------------------------
í    | 0,012474787  | 0,000321936  | 0,000469451  | 0,000128960  | 0,000432341  | 0,012527671  | 0,000042677  | 0,000205965  | 0,010366896  | 0,000964880  | 0,000538106  | 0,000055666  | 0,001225583  | 0,005196437  | 0,012139863  | 0,000523262  | 0,000320080  | 0,000941686  | 0,002303652  | 0,003014323  | 0,000082571  | 0,000779326  | 0,000283897  | 0,000284825  | 0,000033400  | 0,000078860  | 0,000001856  | 0,000788604  | 0,000048244  | 0,000169782  | 0,001535458 | 0,000000000 |
-------------------------------------------------------------------------------------------------------------------------------------------------------------------------------------------------------------------------------------------------------------------------------------------------------------------------------------------------------------------------------------------------------------------------------------------------------------------
î    | 0,000188337  | 0,006835805  | 0,010690687  | 0,006242961  | 0,006396970  | 0,002977212  | 0,002665482  | 0,002817636  | 0,002279530  | 0,004255679  | 0,003644278  | 0,008145816  | 0,007898102  | 0,010910569  | 0,002292518  | 0,004927383  | 0,006785706  | 0,010217525  | 0,010637804  | 0,000719021  | 0,000223592  | 0,000814582  | 0,000202254  | 0,003252760  | 0,000886948  | 0,000401724  | 0,000000000  | 0,000000000  | 0,000590061  | 0,000149371  | 0,001142084 | 0,000000000 |
-------------------------------------------------------------------------------------------------------------------------------------------------------------------------------------------------------------------------------------------------------------------------------------------------------------------------------------------------------------------------------------------------------------------------------------------------------------------
ï    | 0,001619885  | 0,000011133  | 0,000030616  | 0,000000928  | 0,000009278  | 0,002784236  | 0,000001856  | 0,000001856  | 0,001126312  | 0,000005567  | 0,000164215  | 0,001161567  | 0,000017628  | 0,000217098  | 0,011237144  | 0,000124321  | 0,008276631  | 0,000243076  | 0,000634594  | 0,000972302  | 0,000001856  | 0,000015772  | 0,000000000  | 0,000016700  | 0,000024122  | 0,000001856  | 0,000000000  | 0,000052883  | 0,000000928  | 0,000006494  | 0,000188337 | 0,000000000 |
-------------------------------------------------------------------------------------------------------------------------------------------------------------------------------------------------------------------------------------------------------------------------------------------------------------------------------------------------------------------------------------------------------------------------------------------------------------------
ð    | 0,008904731  | 0,000166071  | 0,000911997  | 0,000282042  | 0,000227304  | 0,008465896  | 0,000411930  | 0,000093705  | 0,005602800  | 0,000174421  | 0,000413785  | 0,000263487  | 0,000500068  | 0,001541025  | 0,009435415  | 0,000219881  | 0,000150299  | 0,000376674  | 0,001029824  | 0,002743414  | 0,000013917  | 0,000372963  | 0,000052883  | 0,000134527  | 0,000223592  | 0,000037111  | 0,000000000  | 0,000616039  | 0,000034327  | 0,000134527  | 0,001220017 | 0,000000000 |
-------------------------------------------------------------------------------------------------------------------------------------------------------------------------------------------------------------------------------------------------------------------------------------------------------------------------------------------------------------------------------------------------------------------------------------------------------------------
ñ    | 0,001795234  | 0,000250498  | 0,001965943  | 0,000165143  | 0,000436052  | 0,003834471  | 0,000044533  | 0,000094632  | 0,002017898  | 0,000000000  | 0,003701800  | 0,004039508  | 0,001288672  | 0,001862961  | 0,003232349  | 0,002959585  | 0,000475946  | 0,001040030  | 0,013478634  | 0,000932408  | 0,000077933  | 0,000244003  | 0,000088138  | 0,000508418  | 0,000107621  | 0,000015772  | 0,000016700  | 0,004034869  | 0,000130815  | 0,000209676  | 0,004767807 | 0,000000000 |
-------------------------------------------------------------------------------------------------------------------------------------------------------------------------------------------------------------------------------------------------------------------------------------------------------------------------------------------------------------------------------------------------------------------------------------------------------------------
ò    | 0,006450781  | 0,000908286  | 0,003837254  | 0,000159576  | 0,000526973  | 0,006058334  | 0,000112260  | 0,000226376  | 0,004849451  | 0,000092777  | 0,001250633  | 0,000483368  | 0,000523262  | 0,002689604  | 0,018268708  | 0,000951891  | 0,005133349  | 0,002273963  | 0,000568723  | 0,001796162  | 0,000043605  | 0,000148443  | 0,000082571  | 0,000514912  | 0,000036183  | 0,000033400  | 0,000006494  | 0,007216191  | 0,000178132  | 0,000055666  | 0,000697683 | 0,000000000 |
-------------------------------------------------------------------------------------------------------------------------------------------------------------------------------------------------------------------------------------------------------------------------------------------------------------------------------------------------------------------------------------------------------------------------------------------------------------------
ó    | 0,000210604  | 0,000855403  | 0,001412993  | 0,001280322  | 0,002104181  | 0,000355336  | 0,001571641  | 0,000513057  | 0,000998280  | 0,000113188  | 0,001243211  | 0,001804512  | 0,001343410  | 0,001284033  | 0,000427702  | 0,001340627  | 0,001088274  | 0,001943677  | 0,002337979  | 0,000130815  | 0,000035255  | 0,000463885  | 0,000019483  | 0,001520614  | 0,000790460  | 0,000585423  | 0,000000000  | 0,000000000  | 0,000108549  | 0,001284033  | 0,000199470 | 0,000000000 |
-------------------------------------------------------------------------------------------------------------------------------------------------------------------------------------------------------------------------------------------------------------------------------------------------------------------------------------------------------------------------------------------------------------------------------------------------------------------
ô    | 0,000238437  | 0,000007422  | 0,000013917  | 0,000000928  | 0,000004639  | 0,000168854  | 0,000000000  | 0,000006494  | 0,000375747  | 0,000000000  | 0,000008350  | 0,000050100  | 0,000004639  | 0,000023194  | 0,000512129  | 0,000023194  | 0,000096488  | 0,000020411  | 0,000018555  | 0,000108549  | 0,000025050  | 0,000000928  | 0,000000000  | 0,000000000  | 0,000001856  | 0,000000000  | 0,000000000  | 0,000000928  | 0,000001856  | 0,000000000  | 0,000001856 | 0,000000000 |
-------------------------------------------------------------------------------------------------------------------------------------------------------------------------------------------------------------------------------------------------------------------------------------------------------------------------------------------------------------------------------------------------------------------------------------------------------------------
õ    | 0,000372963  | 0,000166071  | 0,000577073  | 0,000077005  | 0,000219881  | 0,000140093  | 0,000034327  | 0,000127104  | 0,000464812  | 0,000000000  | 0,000280186  | 0,000253281  | 0,000259775  | 0,000559445  | 0,002834336  | 0,000527901  | 0,000284825  | 0,000517695  | 0,000229159  | 0,000244003  | 0,000037111  | 0,000024122  | 0,000018555  | 0,000103910  | 0,000041750  | 0,000000928  | 0,000009278  | 0,000000000  | 0,000066799  | 0,000005567  | 0,000042677 | 0,000000000 |
-------------------------------------------------------------------------------------------------------------------------------------------------------------------------------------------------------------------------------------------------------------------------------------------------------------------------------------------------------------------------------------------------------------------------------------------------------------------
ö    | 0,000655933  | 0,000021339  | 0,000139165  | 0,000011133  | 0,000034327  | 0,000986219  | 0,000000000  | 0,000012061  | 0,001165278  | 0,000000000  | 0,000050100  | 0,000012061  | 0,000016700  | 0,000055666  | 0,000239365  | 0,000040822  | 0,000016700  | 0,000043605  | 0,000028761  | 0,000185554  | 0,000000000  | 0,000006494  | 0,000002783  | 0,000007422  | 0,000000000  | 0,000000000  | 0,000000000  | 0,000000000  | 0,000004639  | 0,000000928  | 0,000005567 | 0,000000000 |
-------------------------------------------------------------------------------------------------------------------------------------------------------------------------------------------------------------------------------------------------------------------------------------------------------------------------------------------------------------------------------------------------------------------------------------------------------------------
÷    | 0,002016043  | 0,000000000  | 0,000025050  | 0,000000000  | 0,000001856  | 0,004291861  | 0,000000000  | 0,000001856  | 0,001691324  | 0,000000000  | 0,000411930  | 0,000087210  | 0,000000928  | 0,001403715  | 0,000087210  | 0,000003711  | 0,000022266  | 0,000006494  | 0,004697297  | 0,000742216  | 0,000003711  | 0,000000928  | 0,000000928  | 0,000000928  | 0,000114116  | 0,000000000  | 0,000000000  | 0,000301525  | 0,000000000  | 0,000000000  | 0,000000000 | 0,000000000 |
-------------------------------------------------------------------------------------------------------------------------------------------------------------------------------------------------------------------------------------------------------------------------------------------------------------------------------------------------------------------------------------------------------------------------------------------------------------------
ø    | 0,000775615  | 0,000006494  | 0,000067727  | 0,000000928  | 0,000006494  | 0,002190464  | 0,000000000  | 0,000001856  | 0,001653285  | 0,000000000  | 0,000732010  | 0,000629028  | 0,000034327  | 0,000454607  | 0,000179059  | 0,000031544  | 0,000012061  | 0,000003711  | 0,000098344  | 0,000193904  | 0,000000928  | 0,000000000  | 0,000010205  | 0,000000928  | 0,000000000  | 0,000000000  | 0,000000000  | 0,001393510  | 0,000000928  | 0,000000928  | 0,000000000 | 0,000000000 |
-------------------------------------------------------------------------------------------------------------------------------------------------------------------------------------------------------------------------------------------------------------------------------------------------------------------------------------------------------------------------------------------------------------------------------------------------------------------
ù    | 0,000517695  | 0,000000000  | 0,000002783  | 0,000000000  | 0,000000928  | 0,002093976  | 0,000000000  | 0,000000000  | 0,001207028  | 0,000000000  | 0,000000000  | 0,000000000  | 0,000000928  | 0,000105766  | 0,000005567  | 0,000000928  | 0,000016700  | 0,000000000  | 0,000000000  | 0,000314514  | 0,000000000  | 0,000000000  | 0,000000000  | 0,000000000  | 0,000000000  | 0,000000000  | 0,000000000  | 0,000042677  | 0,000000000  | 0,000000000  | 0,000000000 | 0,000000000 |
-------------------------------------------------------------------------------------------------------------------------------------------------------------------------------------------------------------------------------------------------------------------------------------------------------------------------------------------------------------------------------------------------------------------------------------------------------------------
ü    | 0,000000000  | 0,000000000  | 0,000000000  | 0,000000000  | 0,000002783  | 0,000095560  | 0,000000000  | 0,000000000  | 0,000001856  | 0,000000000  | 0,000000000  | 0,000000000  | 0,000000000  | 0,000000000  | 0,000000000  | 0,000000000  | 0,000000000  | 0,000000000  | 0,000000928  | 0,000000000  | 0,000000000  | 0,000000928  | 0,000000000  | 0,000000000  | 0,000000000  | 0,000000000  | 0,000000000  | 0,000000000  | 0,000000000  | 0,000000928  | 0,000071438 | 0,000000000 |
-------------------------------------------------------------------------------------------------------------------------------------------------------------------------------------------------------------------------------------------------------------------------------------------------------------------------------------------------------------------------------------------------------------------------------------------------------------------
û    | 0,000139165  | 0,000523262  | 0,001587413  | 0,000234726  | 0,000584495  | 0,000799737  | 0,000080716  | 0,000578000  | 0,001017763  | 0,000000000  | 0,001790595  | 0,000292247  | 0,000667994  | 0,003415119  | 0,001000135  | 0,001274755  | 0,000281114  | 0,002775886  | 0,000809015  | 0,000323792  | 0,000040822  | 0,000103910  | 0,000132671  | 0,000670777  | 0,000801593  | 0,000011133  | 0,000000000  | 0,000000000  | 0,000288536  | 0,000513984  | 0,000373891 | 0,000000000 |
-------------------------------------------------------------------------------------------------------------------------------------------------------------------------------------------------------------------------------------------------------------------------------------------------------------------------------------------------------------------------------------------------------------------------------------------------------------------
ý    | 0,000000000  | 0,000000928  | 0,000026905  | 0,000004639  | 0,000030616  | 0,000000000  | 0,000000000  | 0,000002783  | 0,000000000  | 0,000004639  | 0,000453679  | 0,000045461  | 0,000030616  | 0,000043605  | 0,000000000  | 0,000021339  | 0,000019483  | 0,000007422  | 0,003178538  | 0,000000928  | 0,000027833  | 0,000016700  | 0,000000000  | 0,000000000  | 0,000000928  | 0,000000000  | 0,000000000  | 0,000000000  | 0,000000000  | 0,000000000  | 0,000000000 | 0,000000000 |
-------------------------------------------------------------------------------------------------------------------------------------------------------------------------------------------------------------------------------------------------------------------------------------------------------------------------------------------------------------------------------------------------------------------------------------------------------------------
þ    | 0,000045461  | 0,000327503  | 0,000236581  | 0,000071438  | 0,000565012  | 0,000060305  | 0,000310803  | 0,000169782  | 0,000182771  | 0,000009278  | 0,000262559  | 0,000056594  | 0,000166071  | 0,000265342  | 0,000184626  | 0,000278331  | 0,000138238  | 0,000372036  | 0,000654077  | 0,000049172  | 0,000024122  | 0,000033400  | 0,000024122  | 0,000280186  | 0,000028761  | 0,000917564  | 0,000000000  | 0,000000000  | 0,000063088  | 0,000034327  | 0,000034327 | 0,000000000 |
-------------------------------------------------------------------------------------------------------------------------------------------------------------------------------------------------------------------------------------------------------------------------------------------------------------------------------------------------------------------------------------------------------------------------------------------------------------------
ÿ    | 0,000141949  | 0,000638305  | 0,001968727  | 0,000318225  | 0,001329494  | 0,000462957  | 0,000243076  | 0,000796026  | 0,000836848  | 0,000021339  | 0,001257128  | 0,001073429  | 0,000989930  | 0,002165414  | 0,000892514  | 0,001370315  | 0,000390591  | 0,001701529  | 0,001917699  | 0,000333997  | 0,000038966  | 0,000293175  | 0,000120610  | 0,000578928  | 0,000054738  | 0,000385024  | 0,000000000  | 0,000000000  | 0,000190193  | 0,000168854  | 0,000231015 | 0,000000000 |
----------------------------------------------------------------------------------------------------------------------------------------------------------------------------------------------------------------------------------------------------------------------------------------------------------------------------------------------------------------------------------------------------------------------------------------------------------------------------------------------
' ' | 0,000000000  | 0,000000000  | 0,000000000  | 0,000000000  | 0,000000000  | 0,000000000  | 0,000000000  | 0,000000000  | 0,000000000  | 0,000000000  | 0,000000000  | 0,000000000  | 0,000000000  | 0,000000000  | 0,000000000  | 0,000000000  | 0,000000000  | 0,000000000  | 0,000000000  | 0,000000000  | 0,000000000  | 0,000000000  | 0,000000000  | 0,000000000  | 0,000000000  | 0,000000000  | 0,000000000  | 0,000000000  | 0,000000000  | 0,000000000  | 0,000000000 | 0,000000000 |
--------------------------------------------------------------------------------------------------------------------------------------------------------------------------------------------------------------------------------------------------------------------------------------------------------------------------------------------------------------------------------------------------------------------------------------------------------------------------------------------------