     |      à       |      á       |      â       |      ã       |      ä       |      å       |      æ       |      ç       |      è       |      é       |      ê       |      ë       |      ì       |      í       |      î       |      ï       |      ð       |      ñ       |      ò       |      ó       |      ô       |      õ       |      ö       |      ÷       |      ø       |      ù       |      ü       |      û       |      ý       |      þ       |      ÿ       |      ' '      |
-------------------------------------------------------------------------------------------------------------------------------------------------------------------------------------------------------------------------------------------------------------------------------------------------------------------------------------------------------------------------------------------------------------------------------------------------------------------
à    | 0,000000780  | 0,000950747  | 0,002838201  | 0,000637991  | 0,001833639  | 0,001470187  | 0,001202667  | 0,003219592  | 0,000131030  | 0,000464844  | 0,003989393  | 0,007802519  | 0,002951293  | 0,003958975  | 0,000040557  | 0,000905510  | 0,001860937  | 0,003803767  | 0,004528331  | 0,000537379  | 0,000333034  | 0,000934368  | 0,000318995  | 0,000861054  | 0,000641111  | 0,000348633  | 0,000000000  | 0,000000000  | 0,000007019  | 0,001005343  | 0,002059042 | 0,016890379 |
-------------------------------------------------------------------------------------------------------------------------------------------------------------------------------------------------------------------------------------------------------------------------------------------------------------------------------------------------------------------------------------------------------------------------------------------------------------------
á    | 0,000753422  | 0,000003900  | 0,000157548  | 0,000003900  | 0,000023398  | 0,001746286  | 0,000017939  | 0,000005460  | 0,001378934  | 0,000007019  | 0,000109972  | 0,002094139  | 0,000051476  | 0,000361112  | 0,002236088  | 0,000022618  | 0,001290021  | 0,000250361  | 0,000317436  | 0,000839995  | 0,000000000  | 0,000048356  | 0,000001560  | 0,000097492  | 0,000034317  | 0,000202784  | 0,000089693  | 0,000032757  | 0,000000780  | 0,000005460  | 0,000520220 | 0,001371134 |
-------------------------------------------------------------------------------------------------------------------------------------------------------------------------------------------------------------------------------------------------------------------------------------------------------------------------------------------------------------------------------------------------------------------------------------------------------------------
â    | 0,005338689  | 0,000095933  | 0,000128690  | 0,000117771  | 0,000445346  | 0,004694459  | 0,000042897  | 0,000435986  | 0,002887338  | 0,000119331  | 0,000343954  | 0,000789299  | 0,000285458  | 0,001655812  | 0,005645985  | 0,000421948  | 0,001080217  | 0,002636197  | 0,000261280  | 0,000609913  | 0,000000000  | 0,000209024  | 0,000007799  | 0,000063955  | 0,000921109  | 0,000008579  | 0,000002340  | 0,000138049  | 0,000000000  | 0,000001560  | 0,000266739 | 0,006234060 |
-------------------------------------------------------------------------------------------------------------------------------------------------------------------------------------------------------------------------------------------------------------------------------------------------------------------------------------------------------------------------------------------------------------------------------------------------------------------
ã    | 0,001102835  | 0,000000780  | 0,000038217  | 0,000002340  | 0,001099715  | 0,000332254  | 0,000000000  | 0,000002340  | 0,000724564  | 0,000000000  | 0,000095933  | 0,001420271  | 0,000021838  | 0,000318215  | 0,006368210  | 0,000000000  | 0,001604336  | 0,000009359  | 0,000010139  | 0,000467964  | 0,000000000  | 0,000000000  | 0,000000000  | 0,000053036  | 0,000005460  | 0,000000000  | 0,000000000  | 0,000000000  | 0,000000000  | 0,000000000  | 0,000000000 | 0,000825956 |
-------------------------------------------------------------------------------------------------------------------------------------------------------------------------------------------------------------------------------------------------------------------------------------------------------------------------------------------------------------------------------------------------------------------------------------------------------------------
ä    | 0,004376243  | 0,000028858  | 0,000932808  | 0,000031978  | 0,000071754  | 0,004579027  | 0,000197325  | 0,000012479  | 0,002527006  | 0,000049136  | 0,000293257  | 0,000624732  | 0,000119331  | 0,001734586  | 0,003398198  | 0,000094373  | 0,000921889  | 0,000333034  | 0,000259720  | 0,001272862  | 0,000001560  | 0,000088913  | 0,000192645  | 0,000046016  | 0,000097492  | 0,000000000  | 0,000014819  | 0,000302617  | 0,000003900  | 0,000027298  | 0,000325235 | 0,001372694 |
-------------------------------------------------------------------------------------------------------------------------------------------------------------------------------------------------------------------------------------------------------------------------------------------------------------------------------------------------------------------------------------------------------------------------------------------------------------------
å    | 0,000171587  | 0,001311079  | 0,001457708  | 0,002962212  | 0,003303826  | 0,001609796  | 0,000751082  | 0,001205007  | 0,000114651  | 0,002437312  | 0,001644893  | 0,004835628  | 0,004142261  | 0,007520961  | 0,000279998  | 0,000928129  | 0,006003198  | 0,004315407  | 0,005121086  | 0,000133370  | 0,000061615  | 0,000329135  | 0,000238662  | 0,000902391  | 0,001161331  | 0,000775260  | 0,000000000  | 0,000000000  | 0,000000780  | 0,000091253  | 0,000111531 | 0,018761456 |
-------------------------------------------------------------------------------------------------------------------------------------------------------------------------------------------------------------------------------------------------------------------------------------------------------------------------------------------------------------------------------------------------------------------------------------------------------------------
æ    | 0,001030301  | 0,000026518  | 0,000001560  | 0,000007799  | 0,000835316  | 0,003349062  | 0,000008579  | 0,000000780  | 0,001261163  | 0,000000000  | 0,000086573  | 0,000007799  | 0,000001560  | 0,001383613  | 0,000082674  | 0,000000000  | 0,000004680  | 0,000003120  | 0,000003120  | 0,000249581  | 0,000000000  | 0,000000000  | 0,000000000  | 0,000027298  | 0,000000000  | 0,000000000  | 0,000000000  | 0,000057716  | 0,000000000  | 0,000000000  | 0,000000000 | 0,000209024 |
-------------------------------------------------------------------------------------------------------------------------------------------------------------------------------------------------------------------------------------------------------------------------------------------------------------------------------------------------------------------------------------------------------------------------------------------------------------------
ç    | 0,004716297  | 0,000169247  | 0,001133253  | 0,000371251  | 0,000964786  | 0,000435206  | 0,000075654  | 0,000014819  | 0,000479663  | 0,000000000  | 0,000216823  | 0,000229302  | 0,000563897  | 0,001781383  | 0,000998323  | 0,000000000  | 0,000371251  | 0,000010139  | 0,000013259  | 0,000401669  | 0,000000000  | 0,000000780  | 0,000051476  | 0,000013259  | 0,000006240  | 0,000000000  | 0,000010919  | 0,000145849  | 0,000000000  | 0,000007019  | 0,000140389 | 0,001657372 |
-------------------------------------------------------------------------------------------------------------------------------------------------------------------------------------------------------------------------------------------------------------------------------------------------------------------------------------------------------------------------------------------------------------------------------------------------------------------
è    | 0,000202004  | 0,000450025  | 0,002440432  | 0,000524900  | 0,001564560  | 0,002540265  | 0,000279219  | 0,002412354  | 0,000909410  | 0,001014702  | 0,002078540  | 0,004804430  | 0,002758648  | 0,003031627  | 0,000435206  | 0,000313536  | 0,001353196  | 0,003083103  | 0,003879421  | 0,000014039  | 0,000058495  | 0,001750185  | 0,001270522  | 0,001123114  | 0,000803338  | 0,000154428  | 0,000000000  | 0,000000000  | 0,000002340  | 0,000384510  | 0,001644893 | 0,017618064 |
-------------------------------------------------------------------------------------------------------------------------------------------------------------------------------------------------------------------------------------------------------------------------------------------------------------------------------------------------------------------------------------------------------------------------------------------------------------------
é    | 0,000000000  | 0,000000000  | 0,000001560  | 0,000000000  | 0,000117771  | 0,000006240  | 0,000000000  | 0,000028858  | 0,000003120  | 0,000000000  | 0,000076434  | 0,000015599  | 0,000071754  | 0,000461724  | 0,000018719  | 0,000002340  | 0,000003900  | 0,000715205  | 0,000198105  | 0,000000000  | 0,000003120  | 0,000000000  | 0,000010139  | 0,000112311  | 0,000087353  | 0,000002340  | 0,000000000  | 0,000000000  | 0,000000000  | 0,000000780  | 0,000003120 | 0,007069376 |
-------------------------------------------------------------------------------------------------------------------------------------------------------------------------------------------------------------------------------------------------------------------------------------------------------------------------------------------------------------------------------------------------------------------------------------------------------------------
ê    | 0,006487540  | 0,000000000  | 0,000209804  | 0,000000780  | 0,000001560  | 0,000618492  | 0,000040557  | 0,000029638  | 0,002429513  | 0,000000000  | 0,000027298  | 0,000653590  | 0,000000780  | 0,000301057  | 0,008034942  | 0,000000780  | 0,002084000  | 0,000744843  | 0,000948407  | 0,001850797  | 0,000000000  | 0,000000000  | 0,000089693  | 0,000001560  | 0,000013259  | 0,000000000  | 0,000000000  | 0,000000000  | 0,000000000  | 0,000005460  | 0,000000000 | 0,003855243 |
-------------------------------------------------------------------------------------------------------------------------------------------------------------------------------------------------------------------------------------------------------------------------------------------------------------------------------------------------------------------------------------------------------------------------------------------------------------------
ë    | 0,007024139  | 0,000099832  | 0,000084234  | 0,000145069  | 0,000021838  | 0,004199197  | 0,000313536  | 0,000042897  | 0,007114612  | 0,000042117  | 0,000380611  | 0,000191865  | 0,000081114  | 0,000464064  | 0,006404087  | 0,000017159  | 0,000000000  | 0,001116874  | 0,000071754  | 0,001119214  | 0,000004680  | 0,000050696  | 0,000000000  | 0,000089693  | 0,000117771  | 0,000003900  | 0,000000000  | 0,004129782  | 0,000000000  | 0,000831416  | 0,001701049 | 0,004282650 |
-------------------------------------------------------------------------------------------------------------------------------------------------------------------------------------------------------------------------------------------------------------------------------------------------------------------------------------------------------------------------------------------------------------------------------------------------------------------
ì    | 0,002537145  | 0,000052256  | 0,000040557  | 0,000027298  | 0,000000000  | 0,003826385  | 0,000000000  | 0,000003120  | 0,002686893  | 0,000061615  | 0,000145069  | 0,000207464  | 0,000155208  | 0,001310299  | 0,003782709  | 0,000144289  | 0,000043677  | 0,000397769  | 0,000021058  | 0,001984167  | 0,000021058  | 0,000085013  | 0,000006240  | 0,000033537  | 0,000110751  | 0,000002340  | 0,000000000  | 0,000044457  | 0,000003120  | 0,000000780  | 0,000434427 | 0,008280623 |
-------------------------------------------------------------------------------------------------------------------------------------------------------------------------------------------------------------------------------------------------------------------------------------------------------------------------------------------------------------------------------------------------------------------------------------------------------------------
í    | 0,010449636  | 0,000001560  | 0,000028078  | 0,000068635  | 0,000227742  | 0,010484733  | 0,000017939  | 0,000045237  | 0,008390594  | 0,000811138  | 0,000327575  | 0,000004680  | 0,000935928  | 0,004016691  | 0,009989471  | 0,000003120  | 0,000191865  | 0,000489022  | 0,001808681  | 0,002394416  | 0,000067855  | 0,000628632  | 0,000232422  | 0,000153648  | 0,000017159  | 0,000066295  | 0,000001560  | 0,000662949  | 0,000000000  | 0,000140389  | 0,001259603 | 0,003303826 |
-------------------------------------------------------------------------------------------------------------------------------------------------------------------------------------------------------------------------------------------------------------------------------------------------------------------------------------------------------------------------------------------------------------------------------------------------------------------
î    | 0,000010139  | 0,004343485  | 0,006587373  | 0,004900363  | 0,004513512  | 0,001942050  | 0,002000546  | 0,001628515  | 0,000838435  | 0,003576805  | 0,001987287  | 0,006387708  | 0,005700581  | 0,006982802  | 0,000278439  | 0,001800101  | 0,005245096  | 0,006474282  | 0,007181687  | 0,000067855  | 0,000113871  | 0,000532699  | 0,000120111  | 0,001835199  | 0,000680108  | 0,000333034  | 0,000000000  | 0,000000000  | 0,000026518  | 0,000104512  | 0,000637211 | 0,022339040 |
-------------------------------------------------------------------------------------------------------------------------------------------------------------------------------------------------------------------------------------------------------------------------------------------------------------------------------------------------------------------------------------------------------------------------------------------------------------------
ï    | 0,001360215  | 0,000000000  | 0,000020278  | 0,000000000  | 0,000000000  | 0,002339040  | 0,000000780  | 0,000000000  | 0,000932028  | 0,000004680  | 0,000121671  | 0,000974925  | 0,000008579  | 0,000170027  | 0,009439613  | 0,000072534  | 0,006955504  | 0,000190305  | 0,000524900  | 0,000814257  | 0,000000780  | 0,000012479  | 0,000000000  | 0,000010919  | 0,000020278  | 0,000001560  | 0,000000000  | 0,000044457  | 0,000000000  | 0,000004680  | 0,000157548 | 0,000149748 |
-------------------------------------------------------------------------------------------------------------------------------------------------------------------------------------------------------------------------------------------------------------------------------------------------------------------------------------------------------------------------------------------------------------------------------------------------------------------
ð    | 0,007467145  | 0,000110751  | 0,000663729  | 0,000225403  | 0,000164567  | 0,007105253  | 0,000340054  | 0,000054596  | 0,004617244  | 0,000146629  | 0,000287798  | 0,000208244  | 0,000395430  | 0,001187069  | 0,007871934  | 0,000088133  | 0,000099832  | 0,000241001  | 0,000818937  | 0,002282884  | 0,000006240  | 0,000305736  | 0,000042897  | 0,000091253  | 0,000184846  | 0,000030418  | 0,000000000  | 0,000517880  | 0,000015599  | 0,000109192  | 0,001012362 | 0,000902391 |
-------------------------------------------------------------------------------------------------------------------------------------------------------------------------------------------------------------------------------------------------------------------------------------------------------------------------------------------------------------------------------------------------------------------------------------------------------------------
ñ    | 0,001456148  | 0,000060055  | 0,001390633  | 0,000050696  | 0,000226963  | 0,003136918  | 0,000026518  | 0,000006240  | 0,001530242  | 0,000000000  | 0,002911516  | 0,003333463  | 0,000967905  | 0,001137152  | 0,002502047  | 0,002144055  | 0,000310416  | 0,000623172  | 0,011076707  | 0,000660609  | 0,000053036  | 0,000181726  | 0,000065515  | 0,000322895  | 0,000070195  | 0,000012479  | 0,000014039  | 0,003391959  | 0,000006240  | 0,000167687  | 0,003984713 | 0,003327224 |
-------------------------------------------------------------------------------------------------------------------------------------------------------------------------------------------------------------------------------------------------------------------------------------------------------------------------------------------------------------------------------------------------------------------------------------------------------------------
ò    | 0,005358187  | 0,000434427  | 0,002525446  | 0,000012479  | 0,000154428  | 0,004915962  | 0,000003120  | 0,000005460  | 0,003666498  | 0,000077994  | 0,000723784  | 0,000236322  | 0,000170807  | 0,001502944  | 0,014875014  | 0,000145069  | 0,004169559  | 0,001300940  | 0,000075654  | 0,001318099  | 0,000005460  | 0,000085013  | 0,000053036  | 0,000179386  | 0,000014819  | 0,000026518  | 0,000005460  | 0,006066373  | 0,000000780  | 0,000036657  | 0,000526459 | 0,006724642 |
-------------------------------------------------------------------------------------------------------------------------------------------------------------------------------------------------------------------------------------------------------------------------------------------------------------------------------------------------------------------------------------------------------------------------------------------------------------------
ó    | 0,000097492  | 0,000519440  | 0,000708185  | 0,000989744  | 0,001564560  | 0,000233202  | 0,001272862  | 0,000313536  | 0,000393090  | 0,000095153  | 0,000764341  | 0,001421051  | 0,000873533  | 0,000329915  | 0,000008579  | 0,000648130  | 0,000805678  | 0,001186289  | 0,001642553  | 0,000003900  | 0,000018719  | 0,000336934  | 0,000008579  | 0,000871193  | 0,000655150  | 0,000492142  | 0,000000000  | 0,000000000  | 0,000017939  | 0,001076317  | 0,000085793 | 0,005403424 |
-------------------------------------------------------------------------------------------------------------------------------------------------------------------------------------------------------------------------------------------------------------------------------------------------------------------------------------------------------------------------------------------------------------------------------------------------------------------
ô    | 0,000197325  | 0,000000000  | 0,000000000  | 0,000000000  | 0,000000000  | 0,000141169  | 0,000000000  | 0,000000000  | 0,000303397  | 0,000000000  | 0,000000000  | 0,000041337  | 0,000000780  | 0,000003900  | 0,000423507  | 0,000000000  | 0,000081114  | 0,000003120  | 0,000011699  | 0,000086573  | 0,000018719  | 0,000000000  | 0,000000000  | 0,000000000  | 0,000000780  | 0,000000000  | 0,000000000  | 0,000000780  | 0,000000780  | 0,000000000  | 0,000000000 | 0,000120111 |
-------------------------------------------------------------------------------------------------------------------------------------------------------------------------------------------------------------------------------------------------------------------------------------------------------------------------------------------------------------------------------------------------------------------------------------------------------------------
õ    | 0,000275319  | 0,000000000  | 0,000166907  | 0,000002340  | 0,000001560  | 0,000074094  | 0,000000000  | 0,000000780  | 0,000167687  | 0,000000000  | 0,000000780  | 0,000133370  | 0,000060055  | 0,000188745  | 0,002169793  | 0,000000000  | 0,000138049  | 0,000085013  | 0,000025738  | 0,000119331  | 0,000000000  | 0,000000000  | 0,000000000  | 0,000000000  | 0,000014039  | 0,000000000  | 0,000007799  | 0,000000000  | 0,000000780  | 0,000000000  | 0,000000000 | 0,003439535 |
-------------------------------------------------------------------------------------------------------------------------------------------------------------------------------------------------------------------------------------------------------------------------------------------------------------------------------------------------------------------------------------------------------------------------------------------------------------------
ö    | 0,000545178  | 0,000001560  | 0,000074094  | 0,000000000  | 0,000002340  | 0,000823617  | 0,000000000  | 0,000000000  | 0,000937488  | 0,000000000  | 0,000014819  | 0,000000000  | 0,000000000  | 0,000000780  | 0,000166127  | 0,000000780  | 0,000000000  | 0,000001560  | 0,000000000  | 0,000138829  | 0,000000000  | 0,000000000  | 0,000000000  | 0,000000000  | 0,000000000  | 0,000000000  | 0,000000000  | 0,000000000  | 0,000000000  | 0,000000000  | 0,000000000 | 0,000423507 |
-------------------------------------------------------------------------------------------------------------------------------------------------------------------------------------------------------------------------------------------------------------------------------------------------------------------------------------------------------------------------------------------------------------------------------------------------------------------
÷    | 0,001694030  | 0,000000000  | 0,000014039  | 0,000000000  | 0,000000000  | 0,003608002  | 0,000000000  | 0,000000000  | 0,001415591  | 0,000000000  | 0,000343954  | 0,000073314  | 0,000000000  | 0,001175369  | 0,000068635  | 0,000000000  | 0,000017159  | 0,000000000  | 0,003948056  | 0,000623952  | 0,000000000  | 0,000000000  | 0,000000780  | 0,000000000  | 0,000095933  | 0,000000000  | 0,000000000  | 0,000253480  | 0,000000000  | 0,000000000  | 0,000000000 | 0,000045237 |
-------------------------------------------------------------------------------------------------------------------------------------------------------------------------------------------------------------------------------------------------------------------------------------------------------------------------------------------------------------------------------------------------------------------------------------------------------------------
ø    | 0,000652030  | 0,000000000  | 0,000055376  | 0,000000000  | 0,000000000  | 0,001841438  | 0,000000000  | 0,000000000  | 0,001387513  | 0,000000000  | 0,000614593  | 0,000528019  | 0,000027298  | 0,000381391  | 0,000148969  | 0,000023398  | 0,000008579  | 0,000000000  | 0,000080334  | 0,000163007  | 0,000000780  | 0,000000000  | 0,000008579  | 0,000000000  | 0,000000000  | 0,000000000  | 0,000000000  | 0,001171470  | 0,000000000  | 0,000000780  | 0,000000000 | 0,000033537 |
-------------------------------------------------------------------------------------------------------------------------------------------------------------------------------------------------------------------------------------------------------------------------------------------------------------------------------------------------------------------------------------------------------------------------------------------------------------------
ù    | 0,000435206  | 0,000000000  | 0,000000000  | 0,000000000  | 0,000000780  | 0,001760324  | 0,000000000  | 0,000000000  | 0,001014702  | 0,000000000  | 0,000000000  | 0,000000000  | 0,000000000  | 0,000088913  | 0,000003120  | 0,000000000  | 0,000014039  | 0,000000000  | 0,000000000  | 0,000264400  | 0,000000000  | 0,000000000  | 0,000000000  | 0,000000000  | 0,000000000  | 0,000000000  | 0,000000000  | 0,000035877  | 0,000000000  | 0,000000000  | 0,000000000 | 0,000004680 |
-------------------------------------------------------------------------------------------------------------------------------------------------------------------------------------------------------------------------------------------------------------------------------------------------------------------------------------------------------------------------------------------------------------------------------------------------------------------
ü    | 0,000000000  | 0,000000000  | 0,000000000  | 0,000000000  | 0,000000780  | 0,000080334  | 0,000000000  | 0,000000000  | 0,000000000  | 0,000000000  | 0,000000000  | 0,000000000  | 0,000000000  | 0,000000000  | 0,000000000  | 0,000000000  | 0,000000000  | 0,000000000  | 0,000000780  | 0,000000000  | 0,000000000  | 0,000000780  | 0,000000000  | 0,000000000  | 0,000000000  | 0,000000000  | 0,000000000  | 0,000000000  | 0,000000000  | 0,000000780  | 0,000060055 | 0,000003120 |
-------------------------------------------------------------------------------------------------------------------------------------------------------------------------------------------------------------------------------------------------------------------------------------------------------------------------------------------------------------------------------------------------------------------------------------------------------------------
û    | 0,000000000  | 0,000049916  | 0,000005460  | 0,000010139  | 0,000024178  | 0,000231642  | 0,000000000  | 0,000155988  | 0,000042897  | 0,000000000  | 0,000841555  | 0,000000000  | 0,000147409  | 0,001674531  | 0,000006240  | 0,000009359  | 0,000000000  | 0,001258823  | 0,000077214  | 0,000000000  | 0,000012479  | 0,000000000  | 0,000089693  | 0,000019498  | 0,000633311  | 0,000005460  | 0,000000000  | 0,000000000  | 0,000000000  | 0,000428967  | 0,000184066 | 0,011500995 |
-------------------------------------------------------------------------------------------------------------------------------------------------------------------------------------------------------------------------------------------------------------------------------------------------------------------------------------------------------------------------------------------------------------------------------------------------------------------
ý    | 0,000000000  | 0,000000780  | 0,000022618  | 0,000003900  | 0,000025738  | 0,000000000  | 0,000000000  | 0,000002340  | 0,000000000  | 0,000003900  | 0,000380611  | 0,000038217  | 0,000025738  | 0,000036657  | 0,000000000  | 0,000017939  | 0,000016379  | 0,000005460  | 0,002672074  | 0,000000780  | 0,000023398  | 0,000014039  | 0,000000000  | 0,000000000  | 0,000000780  | 0,000000000  | 0,000000000  | 0,000000000  | 0,000000000  | 0,000000000  | 0,000000000 | 0,000001560 |
-------------------------------------------------------------------------------------------------------------------------------------------------------------------------------------------------------------------------------------------------------------------------------------------------------------------------------------------------------------------------------------------------------------------------------------------------------------------
þ    | 0,000002340  | 0,000191085  | 0,000005460  | 0,000009359  | 0,000360332  | 0,000002340  | 0,000235542  | 0,000071754  | 0,000000780  | 0,000007799  | 0,000056936  | 0,000003900  | 0,000036657  | 0,000035097  | 0,000001560  | 0,000003120  | 0,000033537  | 0,000097492  | 0,000411028  | 0,000000000  | 0,000000000  | 0,000009359  | 0,000016379  | 0,000131810  | 0,000013259  | 0,000769021  | 0,000000000  | 0,000000000  | 0,000000000  | 0,000026518  | 0,000000000 | 0,002315642 |
-------------------------------------------------------------------------------------------------------------------------------------------------------------------------------------------------------------------------------------------------------------------------------------------------------------------------------------------------------------------------------------------------------------------------------------------------------------------
ÿ    | 0,000000000  | 0,000019498  | 0,000311196  | 0,000089693  | 0,000666849  | 0,000184066  | 0,000122451  | 0,000285458  | 0,000006240  | 0,000017939  | 0,000463284  | 0,000756542  | 0,000443786  | 0,000492922  | 0,000000000  | 0,000014039  | 0,000074094  | 0,000471864  | 0,001038100  | 0,000000780  | 0,000000000  | 0,000177826  | 0,000071754  | 0,000089693  | 0,000010919  | 0,000321335  | 0,000000000  | 0,000000000  | 0,000000000  | 0,000129470  | 0,000088133 | 0,010870023 |
----------------------------------------------------------------------------------------------------------------------------------------------------------------------------------------------------------------------------------------------------------------------------------------------------------------------------------------------------------------------------------------------------------------------------------------------------------------------------------------------
' ' | 0,001700269  | 0,008150373  | 0,015837461  | 0,003260929  | 0,006639629  | 0,003594743  | 0,001353976  | 0,005141364  | 0,009817884  | 0,000002340  | 0,008665132  | 0,002882658  | 0,006546036  | 0,016254729  | 0,011292750  | 0,016803807  | 0,003855243  | 0,015026323  | 0,009852981  | 0,004054128  | 0,000644230  | 0,001256483  | 0,000435206  | 0,005997738  | 0,000648910  | 0,000046796  | 0,000000000  | 0,000000780  | 0,003200873  | 0,000239442  | 0,001849238 | 0,000002340 |
--------------------------------------------------------------------------------------------------------------------------------------------------------------------------------------------------------------------------------------------------------------------------------------------------------------------------------------------------------------------------------------------------------------------------------------------------------------------------------------------------