     |      à       |      á       |      â       |      ã       |      ä       |      å       |      æ       |      ç       |      è       |      é       |      ê       |      ë       |      ì       |      í       |      î       |      ï       |      ð       |      ñ       |      ò       |      ó       |      ô       |      õ       |      ö       |      ÷       |      ø       |      ù       |      ü       |      û       |      ý       |      þ       |      ÿ       |      ' '      |
-------------------------------------------------------------------------------------------------------------------------------------------------------------------------------------------------------------------------------------------------------------------------------------------------------------------------------------------------------------------------------------------------------------------------------------------------------------------
à    | 0,000000780  | 0,000950748  | 0,002838204  | 0,000637991  | 0,001833640  | 0,001470188  | 0,001202668  | 0,003219595  | 0,000131030  | 0,000464845  | 0,003989396  | 0,007802525  | 0,002951295  | 0,003958978  | 0,000040557  | 0,000905511  | 0,001860938  | 0,003803770  | 0,004528335  | 0,000537379  | 0,000333035  | 0,000934369  | 0,000318996  | 0,000861054  | 0,000641111  | 0,000348633  | 0,000000000  | 0,000000000  | 0,000007019  | 0,001005343  | 0,002059043 | 0,016890392 |
-------------------------------------------------------------------------------------------------------------------------------------------------------------------------------------------------------------------------------------------------------------------------------------------------------------------------------------------------------------------------------------------------------------------------------------------------------------------
á    | 0,000753423  | 0,000003900  | 0,000157548  | 0,000003900  | 0,000023398  | 0,001746287  | 0,000017939  | 0,000005460  | 0,001378935  | 0,000007019  | 0,000109972  | 0,002094140  | 0,000051476  | 0,000361112  | 0,002236090  | 0,000022618  | 0,001290022  | 0,000250361  | 0,000317436  | 0,000839996  | 0,000000000  | 0,000048356  | 0,000001560  | 0,000097493  | 0,000034317  | 0,000202785  | 0,000089693  | 0,000032758  | 0,000000780  | 0,000005460  | 0,000520220 | 0,001371135 |
-------------------------------------------------------------------------------------------------------------------------------------------------------------------------------------------------------------------------------------------------------------------------------------------------------------------------------------------------------------------------------------------------------------------------------------------------------------------
â    | 0,005338693  | 0,000095933  | 0,000128690  | 0,000117771  | 0,000445346  | 0,004694462  | 0,000042897  | 0,000435987  | 0,002887340  | 0,000119331  | 0,000343954  | 0,000789300  | 0,000285458  | 0,001655814  | 0,005645989  | 0,000421948  | 0,001080218  | 0,002636199  | 0,000261280  | 0,000609913  | 0,000000000  | 0,000209024  | 0,000007799  | 0,000063955  | 0,000921110  | 0,000008579  | 0,000002340  | 0,000138049  | 0,000000000  | 0,000001560  | 0,000266740 | 0,006234065 |
-------------------------------------------------------------------------------------------------------------------------------------------------------------------------------------------------------------------------------------------------------------------------------------------------------------------------------------------------------------------------------------------------------------------------------------------------------------------
ã    | 0,001102836  | 0,000000780  | 0,000038217  | 0,000002340  | 0,001099716  | 0,000332255  | 0,000000000  | 0,000002340  | 0,000724565  | 0,000000000  | 0,000095933  | 0,001420272  | 0,000021838  | 0,000318216  | 0,006368215  | 0,000000000  | 0,001604338  | 0,000009359  | 0,000010139  | 0,000467964  | 0,000000000  | 0,000000000  | 0,000000000  | 0,000053036  | 0,000005460  | 0,000000000  | 0,000000000  | 0,000000000  | 0,000000000  | 0,000000000  | 0,000000000 | 0,000825957 |
-------------------------------------------------------------------------------------------------------------------------------------------------------------------------------------------------------------------------------------------------------------------------------------------------------------------------------------------------------------------------------------------------------------------------------------------------------------------
ä    | 0,004376247  | 0,000028858  | 0,000932809  | 0,000031978  | 0,000071755  | 0,004579031  | 0,000197325  | 0,000012479  | 0,002527007  | 0,000049136  | 0,000293258  | 0,000624732  | 0,000119331  | 0,001734588  | 0,003398201  | 0,000094373  | 0,000921890  | 0,000333035  | 0,000259720  | 0,001272863  | 0,000001560  | 0,000088913  | 0,000192645  | 0,000046016  | 0,000097493  | 0,000000000  | 0,000014819  | 0,000302617  | 0,000003900  | 0,000027298  | 0,000325235 | 0,001372695 |
-------------------------------------------------------------------------------------------------------------------------------------------------------------------------------------------------------------------------------------------------------------------------------------------------------------------------------------------------------------------------------------------------------------------------------------------------------------------
å    | 0,000171587  | 0,001311080  | 0,001457709  | 0,002962214  | 0,003303828  | 0,001609797  | 0,000751083  | 0,001205008  | 0,000114651  | 0,002437314  | 0,001644895  | 0,004835631  | 0,004142264  | 0,007520967  | 0,000279999  | 0,000928129  | 0,006003202  | 0,004315411  | 0,005121090  | 0,000133370  | 0,000061615  | 0,000329135  | 0,000238662  | 0,000902391  | 0,001161331  | 0,000775261  | 0,000000000  | 0,000000000  | 0,000000780  | 0,000091253  | 0,000111532 | 0,018761471 |
-------------------------------------------------------------------------------------------------------------------------------------------------------------------------------------------------------------------------------------------------------------------------------------------------------------------------------------------------------------------------------------------------------------------------------------------------------------------
æ    | 0,001030301  | 0,000026518  | 0,000001560  | 0,000007799  | 0,000835316  | 0,003349065  | 0,000008579  | 0,000000780  | 0,001261164  | 0,000000000  | 0,000086573  | 0,000007799  | 0,000001560  | 0,001383614  | 0,000082674  | 0,000000000  | 0,000004680  | 0,000003120  | 0,000003120  | 0,000249581  | 0,000000000  | 0,000000000  | 0,000000000  | 0,000027298  | 0,000000000  | 0,000000000  | 0,000000000  | 0,000057716  | 0,000000000  | 0,000000000  | 0,000000000 | 0,000209024 |
-------------------------------------------------------------------------------------------------------------------------------------------------------------------------------------------------------------------------------------------------------------------------------------------------------------------------------------------------------------------------------------------------------------------------------------------------------------------
ç    | 0,004716300  | 0,000169247  | 0,001133254  | 0,000371252  | 0,000964786  | 0,000435207  | 0,000075654  | 0,000014819  | 0,000479663  | 0,000000000  | 0,000216823  | 0,000229303  | 0,000563897  | 0,001781384  | 0,000998324  | 0,000000000  | 0,000371252  | 0,000010139  | 0,000013259  | 0,000401669  | 0,000000000  | 0,000000780  | 0,000051476  | 0,000013259  | 0,000006240  | 0,000000000  | 0,000010919  | 0,000145849  | 0,000000000  | 0,000007019  | 0,000140389 | 0,001657374 |
-------------------------------------------------------------------------------------------------------------------------------------------------------------------------------------------------------------------------------------------------------------------------------------------------------------------------------------------------------------------------------------------------------------------------------------------------------------------
è    | 0,000202005  | 0,000450026  | 0,002440434  | 0,000524900  | 0,001564561  | 0,002540266  | 0,000279219  | 0,002412356  | 0,000909411  | 0,001014703  | 0,002078542  | 0,004804434  | 0,002758650  | 0,003031629  | 0,000435207  | 0,000313536  | 0,001353197  | 0,003083105  | 0,003879424  | 0,000014039  | 0,000058496  | 0,001750187  | 0,001270523  | 0,001123114  | 0,000803339  | 0,000154428  | 0,000000000  | 0,000000000  | 0,000002340  | 0,000384511  | 0,001644895 | 0,017618077 |
-------------------------------------------------------------------------------------------------------------------------------------------------------------------------------------------------------------------------------------------------------------------------------------------------------------------------------------------------------------------------------------------------------------------------------------------------------------------
é    | 0,000000000  | 0,000000000  | 0,000001560  | 0,000000000  | 0,000117771  | 0,000006240  | 0,000000000  | 0,000028858  | 0,000003120  | 0,000000000  | 0,000076434  | 0,000015599  | 0,000071755  | 0,000461725  | 0,000018719  | 0,000002340  | 0,000003900  | 0,000715206  | 0,000198105  | 0,000000000  | 0,000003120  | 0,000000000  | 0,000010139  | 0,000112311  | 0,000087353  | 0,000002340  | 0,000000000  | 0,000000000  | 0,000000000  | 0,000000780  | 0,000003120 | 0,007069381 |
-------------------------------------------------------------------------------------------------------------------------------------------------------------------------------------------------------------------------------------------------------------------------------------------------------------------------------------------------------------------------------------------------------------------------------------------------------------------
ê    | 0,006487546  | 0,000000000  | 0,000209804  | 0,000000780  | 0,000001560  | 0,000618493  | 0,000040557  | 0,000029638  | 0,002429515  | 0,000000000  | 0,000027298  | 0,000653590  | 0,000000780  | 0,000301057  | 0,008034947  | 0,000000780  | 0,002084001  | 0,000744843  | 0,000948408  | 0,001850799  | 0,000000000  | 0,000000000  | 0,000089693  | 0,000001560  | 0,000013259  | 0,000000000  | 0,000000000  | 0,000000000  | 0,000000000  | 0,000005460  | 0,000000000 | 0,003855246 |
-------------------------------------------------------------------------------------------------------------------------------------------------------------------------------------------------------------------------------------------------------------------------------------------------------------------------------------------------------------------------------------------------------------------------------------------------------------------
ë    | 0,007024145  | 0,000099832  | 0,000084234  | 0,000145069  | 0,000021838  | 0,004199200  | 0,000313536  | 0,000042897  | 0,007114618  | 0,000042117  | 0,000380611  | 0,000191865  | 0,000081114  | 0,000464065  | 0,006404092  | 0,000017159  | 0,000000000  | 0,001116875  | 0,000071755  | 0,001119215  | 0,000004680  | 0,000050696  | 0,000000000  | 0,000089693  | 0,000117771  | 0,000003900  | 0,000000000  | 0,004129785  | 0,000000000  | 0,000831417  | 0,001701050 | 0,004282654 |
-------------------------------------------------------------------------------------------------------------------------------------------------------------------------------------------------------------------------------------------------------------------------------------------------------------------------------------------------------------------------------------------------------------------------------------------------------------------
ì    | 0,002537147  | 0,000052256  | 0,000040557  | 0,000027298  | 0,000000000  | 0,003826388  | 0,000000000  | 0,000003120  | 0,002686895  | 0,000061615  | 0,000145069  | 0,000207464  | 0,000155208  | 0,001310300  | 0,003782712  | 0,000144289  | 0,000043677  | 0,000397770  | 0,000021058  | 0,001984169  | 0,000021058  | 0,000085014  | 0,000006240  | 0,000033537  | 0,000110752  | 0,000002340  | 0,000000000  | 0,000044457  | 0,000003120  | 0,000000780  | 0,000434427 | 0,008280629 |
-------------------------------------------------------------------------------------------------------------------------------------------------------------------------------------------------------------------------------------------------------------------------------------------------------------------------------------------------------------------------------------------------------------------------------------------------------------------
í    | 0,010449643  | 0,000001560  | 0,000028078  | 0,000068635  | 0,000227743  | 0,010484741  | 0,000017939  | 0,000045237  | 0,008390601  | 0,000811138  | 0,000327575  | 0,000004680  | 0,000935929  | 0,004016694  | 0,009989479  | 0,000003120  | 0,000191865  | 0,000489023  | 0,001808682  | 0,002394418  | 0,000067855  | 0,000628632  | 0,000232422  | 0,000153648  | 0,000017159  | 0,000066295  | 0,000001560  | 0,000662949  | 0,000000000  | 0,000140389  | 0,001259604 | 0,003303828 |
-------------------------------------------------------------------------------------------------------------------------------------------------------------------------------------------------------------------------------------------------------------------------------------------------------------------------------------------------------------------------------------------------------------------------------------------------------------------
î    | 0,000010139  | 0,004343489  | 0,006587378  | 0,004900367  | 0,004513516  | 0,001942052  | 0,002000547  | 0,001628516  | 0,000838436  | 0,003576807  | 0,001987288  | 0,006387713  | 0,005700585  | 0,006982808  | 0,000278439  | 0,001800103  | 0,005245100  | 0,006474286  | 0,007181692  | 0,000067855  | 0,000113871  | 0,000532699  | 0,000120111  | 0,001835200  | 0,000680108  | 0,000333035  | 0,000000000  | 0,000000000  | 0,000026518  | 0,000104512  | 0,000637211 | 0,022339057 |
-------------------------------------------------------------------------------------------------------------------------------------------------------------------------------------------------------------------------------------------------------------------------------------------------------------------------------------------------------------------------------------------------------------------------------------------------------------------
ï    | 0,001360216  | 0,000000000  | 0,000020278  | 0,000000000  | 0,000000000  | 0,002339042  | 0,000000780  | 0,000000000  | 0,000932029  | 0,000004680  | 0,000121671  | 0,000974926  | 0,000008579  | 0,000170027  | 0,009439620  | 0,000072534  | 0,006955510  | 0,000190305  | 0,000524900  | 0,000814258  | 0,000000780  | 0,000012479  | 0,000000000  | 0,000010919  | 0,000020278  | 0,000001560  | 0,000000000  | 0,000044457  | 0,000000000  | 0,000004680  | 0,000157548 | 0,000149749 |
-------------------------------------------------------------------------------------------------------------------------------------------------------------------------------------------------------------------------------------------------------------------------------------------------------------------------------------------------------------------------------------------------------------------------------------------------------------------
ð    | 0,007467151  | 0,000110752  | 0,000663729  | 0,000225403  | 0,000164567  | 0,007105258  | 0,000340054  | 0,000054596  | 0,004617248  | 0,000146629  | 0,000287798  | 0,000208244  | 0,000395430  | 0,001187070  | 0,007871940  | 0,000088133  | 0,000099832  | 0,000241002  | 0,000818938  | 0,002282886  | 0,000006240  | 0,000305737  | 0,000042897  | 0,000091253  | 0,000184846  | 0,000030418  | 0,000000000  | 0,000517881  | 0,000015599  | 0,000109192  | 0,001012363 | 0,000902391 |
-------------------------------------------------------------------------------------------------------------------------------------------------------------------------------------------------------------------------------------------------------------------------------------------------------------------------------------------------------------------------------------------------------------------------------------------------------------------
ñ    | 0,001456149  | 0,000060055  | 0,001390634  | 0,000050696  | 0,000226963  | 0,003136921  | 0,000026518  | 0,000006240  | 0,001530243  | 0,000000000  | 0,002911518  | 0,003333466  | 0,000967906  | 0,001137153  | 0,002502049  | 0,002144057  | 0,000310416  | 0,000623172  | 0,011076716  | 0,000660610  | 0,000053036  | 0,000181726  | 0,000065515  | 0,000322895  | 0,000070195  | 0,000012479  | 0,000014039  | 0,003391962  | 0,000006240  | 0,000167687  | 0,003984716 | 0,003327226 |
-------------------------------------------------------------------------------------------------------------------------------------------------------------------------------------------------------------------------------------------------------------------------------------------------------------------------------------------------------------------------------------------------------------------------------------------------------------------
ò    | 0,005358192  | 0,000434427  | 0,002525447  | 0,000012479  | 0,000154428  | 0,004915965  | 0,000003120  | 0,000005460  | 0,003666501  | 0,000077994  | 0,000723785  | 0,000236322  | 0,000170807  | 0,001502945  | 0,014875026  | 0,000145069  | 0,004169562  | 0,001300941  | 0,000075654  | 0,001318100  | 0,000005460  | 0,000085014  | 0,000053036  | 0,000179386  | 0,000014819  | 0,000026518  | 0,000005460  | 0,006066378  | 0,000000780  | 0,000036657  | 0,000526460 | 0,006724647 |
-------------------------------------------------------------------------------------------------------------------------------------------------------------------------------------------------------------------------------------------------------------------------------------------------------------------------------------------------------------------------------------------------------------------------------------------------------------------
ó    | 0,000097493  | 0,000519440  | 0,000708186  | 0,000989745  | 0,001564561  | 0,000233202  | 0,001272863  | 0,000313536  | 0,000393090  | 0,000095153  | 0,000764342  | 0,001421052  | 0,000873533  | 0,000329915  | 0,000008579  | 0,000648131  | 0,000805679  | 0,001186290  | 0,001642555  | 0,000003900  | 0,000018719  | 0,000336934  | 0,000008579  | 0,000871194  | 0,000655150  | 0,000492143  | 0,000000000  | 0,000000000  | 0,000017939  | 0,001076318  | 0,000085793 | 0,005403428 |
-------------------------------------------------------------------------------------------------------------------------------------------------------------------------------------------------------------------------------------------------------------------------------------------------------------------------------------------------------------------------------------------------------------------------------------------------------------------
ô    | 0,000197325  | 0,000000000  | 0,000000000  | 0,000000000  | 0,000000000  | 0,000141169  | 0,000000000  | 0,000000000  | 0,000303397  | 0,000000000  | 0,000000000  | 0,000041337  | 0,000000780  | 0,000003900  | 0,000423508  | 0,000000000  | 0,000081114  | 0,000003120  | 0,000011699  | 0,000086573  | 0,000018719  | 0,000000000  | 0,000000000  | 0,000000000  | 0,000000780  | 0,000000000  | 0,000000000  | 0,000000780  | 0,000000780  | 0,000000000  | 0,000000000 | 0,000120111 |
-------------------------------------------------------------------------------------------------------------------------------------------------------------------------------------------------------------------------------------------------------------------------------------------------------------------------------------------------------------------------------------------------------------------------------------------------------------------
õ    | 0,000275319  | 0,000000000  | 0,000166907  | 0,000002340  | 0,000001560  | 0,000074094  | 0,000000000  | 0,000000780  | 0,000167687  | 0,000000000  | 0,000000780  | 0,000133370  | 0,000060055  | 0,000188746  | 0,002169795  | 0,000000000  | 0,000138049  | 0,000085014  | 0,000025738  | 0,000119331  | 0,000000000  | 0,000000000  | 0,000000000  | 0,000000000  | 0,000014039  | 0,000000000  | 0,000007799  | 0,000000000  | 0,000000780  | 0,000000000  | 0,000000000 | 0,003439538 |
-------------------------------------------------------------------------------------------------------------------------------------------------------------------------------------------------------------------------------------------------------------------------------------------------------------------------------------------------------------------------------------------------------------------------------------------------------------------
ö    | 0,000545178  | 0,000001560  | 0,000074094  | 0,000000000  | 0,000002340  | 0,000823617  | 0,000000000  | 0,000000000  | 0,000937489  | 0,000000000  | 0,000014819  | 0,000000000  | 0,000000000  | 0,000000780  | 0,000166127  | 0,000000780  | 0,000000000  | 0,000001560  | 0,000000000  | 0,000138829  | 0,000000000  | 0,000000000  | 0,000000000  | 0,000000000  | 0,000000000  | 0,000000000  | 0,000000000  | 0,000000000  | 0,000000000  | 0,000000000  | 0,000000000 | 0,000423508 |
-------------------------------------------------------------------------------------------------------------------------------------------------------------------------------------------------------------------------------------------------------------------------------------------------------------------------------------------------------------------------------------------------------------------------------------------------------------------
÷    | 0,001694031  | 0,000000000  | 0,000014039  | 0,000000000  | 0,000000000  | 0,003608005  | 0,000000000  | 0,000000000  | 0,001415592  | 0,000000000  | 0,000343954  | 0,000073314  | 0,000000000  | 0,001175370  | 0,000068635  | 0,000000000  | 0,000017159  | 0,000000000  | 0,003948059  | 0,000623952  | 0,000000000  | 0,000000000  | 0,000000780  | 0,000000000  | 0,000095933  | 0,000000000  | 0,000000000  | 0,000253481  | 0,000000000  | 0,000000000  | 0,000000000 | 0,000045237 |
-------------------------------------------------------------------------------------------------------------------------------------------------------------------------------------------------------------------------------------------------------------------------------------------------------------------------------------------------------------------------------------------------------------------------------------------------------------------
ø    | 0,000652030  | 0,000000000  | 0,000055376  | 0,000000000  | 0,000000000  | 0,001841440  | 0,000000000  | 0,000000000  | 0,001387514  | 0,000000000  | 0,000614593  | 0,000528020  | 0,000027298  | 0,000381391  | 0,000148969  | 0,000023398  | 0,000008579  | 0,000000000  | 0,000080334  | 0,000163008  | 0,000000780  | 0,000000000  | 0,000008579  | 0,000000000  | 0,000000000  | 0,000000000  | 0,000000000  | 0,001171471  | 0,000000000  | 0,000000780  | 0,000000000 | 0,000033537 |
-------------------------------------------------------------------------------------------------------------------------------------------------------------------------------------------------------------------------------------------------------------------------------------------------------------------------------------------------------------------------------------------------------------------------------------------------------------------
ù    | 0,000435207  | 0,000000000  | 0,000000000  | 0,000000000  | 0,000000780  | 0,001760326  | 0,000000000  | 0,000000000  | 0,001014703  | 0,000000000  | 0,000000000  | 0,000000000  | 0,000000000  | 0,000088913  | 0,000003120  | 0,000000000  | 0,000014039  | 0,000000000  | 0,000000000  | 0,000264400  | 0,000000000  | 0,000000000  | 0,000000000  | 0,000000000  | 0,000000000  | 0,000000000  | 0,000000000  | 0,000035877  | 0,000000000  | 0,000000000  | 0,000000000 | 0,000004680 |
-------------------------------------------------------------------------------------------------------------------------------------------------------------------------------------------------------------------------------------------------------------------------------------------------------------------------------------------------------------------------------------------------------------------------------------------------------------------
ü    | 0,000000000  | 0,000000000  | 0,000000000  | 0,000000000  | 0,000000780  | 0,000080334  | 0,000000000  | 0,000000000  | 0,000000000  | 0,000000000  | 0,000000000  | 0,000000000  | 0,000000000  | 0,000000000  | 0,000000000  | 0,000000000  | 0,000000000  | 0,000000000  | 0,000000780  | 0,000000000  | 0,000000000  | 0,000000780  | 0,000000000  | 0,000000000  | 0,000000000  | 0,000000000  | 0,000000000  | 0,000000000  | 0,000000000  | 0,000000780  | 0,000060055 | 0,000003120 |
-------------------------------------------------------------------------------------------------------------------------------------------------------------------------------------------------------------------------------------------------------------------------------------------------------------------------------------------------------------------------------------------------------------------------------------------------------------------
û    | 0,000000000  | 0,000049916  | 0,000005460  | 0,000010139  | 0,000024178  | 0,000231642  | 0,000000000  | 0,000155988  | 0,000042897  | 0,000000000  | 0,000841556  | 0,000000000  | 0,000147409  | 0,001674532  | 0,000006240  | 0,000009359  | 0,000000000  | 0,001258824  | 0,000077214  | 0,000000000  | 0,000012479  | 0,000000000  | 0,000089693  | 0,000019499  | 0,000633312  | 0,000005460  | 0,000000000  | 0,000000000  | 0,000000000  | 0,000428967  | 0,000184066 | 0,011501003 |
-------------------------------------------------------------------------------------------------------------------------------------------------------------------------------------------------------------------------------------------------------------------------------------------------------------------------------------------------------------------------------------------------------------------------------------------------------------------
ý    | 0,000000000  | 0,000000780  | 0,000022618  | 0,000003900  | 0,000025738  | 0,000000000  | 0,000000000  | 0,000002340  | 0,000000000  | 0,000003900  | 0,000380611  | 0,000038217  | 0,000025738  | 0,000036657  | 0,000000000  | 0,000017939  | 0,000016379  | 0,000005460  | 0,002672076  | 0,000000780  | 0,000023398  | 0,000014039  | 0,000000000  | 0,000000000  | 0,000000780  | 0,000000000  | 0,000000000  | 0,000000000  | 0,000000000  | 0,000000000  | 0,000000000 | 0,000001560 |
-------------------------------------------------------------------------------------------------------------------------------------------------------------------------------------------------------------------------------------------------------------------------------------------------------------------------------------------------------------------------------------------------------------------------------------------------------------------
þ    | 0,000002340  | 0,000191085  | 0,000005460  | 0,000009359  | 0,000360333  | 0,000002340  | 0,000235542  | 0,000071755  | 0,000000780  | 0,000007799  | 0,000056936  | 0,000003900  | 0,000036657  | 0,000035097  | 0,000001560  | 0,000003120  | 0,000033537  | 0,000097493  | 0,000411029  | 0,000000000  | 0,000000000  | 0,000009359  | 0,000016379  | 0,000131810  | 0,000013259  | 0,000769021  | 0,000000000  | 0,000000000  | 0,000000000  | 0,000026518  | 0,000000000 | 0,002315643 |
-------------------------------------------------------------------------------------------------------------------------------------------------------------------------------------------------------------------------------------------------------------------------------------------------------------------------------------------------------------------------------------------------------------------------------------------------------------------
ÿ    | 0,000000000  | 0,000019499  | 0,000311196  | 0,000089693  | 0,000666849  | 0,000184066  | 0,000122451  | 0,000285458  | 0,000006240  | 0,000017939  | 0,000463285  | 0,000756542  | 0,000443786  | 0,000492922  | 0,000000000  | 0,000014039  | 0,000074094  | 0,000471864  | 0,001038101  | 0,000000780  | 0,000000000  | 0,000177826  | 0,000071755  | 0,000089693  | 0,000010919  | 0,000321336  | 0,000000000  | 0,000000000  | 0,000000000  | 0,000129470  | 0,000088133 | 0,010870031 |
----------------------------------------------------------------------------------------------------------------------------------------------------------------------------------------------------------------------------------------------------------------------------------------------------------------------------------------------------------------------------------------------------------------------------------------------------------------------------------------------
' ' | 0,001700270  | 0,008150379  | 0,015837474  | 0,003260931  | 0,006639634  | 0,003594746  | 0,001353977  | 0,005141368  | 0,009817892  | 0,000002340  | 0,008665140  | 0,002882660  | 0,006546041  | 0,016254742  | 0,011292759  | 0,016803820  | 0,003855246  | 0,015026335  | 0,009852989  | 0,004054131  | 0,000644231  | 0,001256484  | 0,000435207  | 0,005997743  | 0,000648911  | 0,000046796  | 0,000000000  | 0,000000780  | 0,003200876  | 0,000239442  | 0,001849239 | 0,000002340 |
--------------------------------------------------------------------------------------------------------------------------------------------------------------------------------------------------------------------------------------------------------------------------------------------------------------------------------------------------------------------------------------------------------------------------------------------------------------------------------------------------