     |   à    |   á    |   â    |   ã    |   ä    |   å    |   æ    |   ç    |   è    |   é    |   ê    |   ë    |   ì    |   í    |   î    |   ï    |   ð    |   ñ    |   ò    |   ó    |   ô    |   õ    |   ö    |   ÷    |   ø    |   ù    |   ü    |   û    |   ý    |   þ    |   ÿ    |   ' '   |
-------------------------------------------------------------------------------------------------------------------------------------------------------------------------------------------------------------------------------------------------------------------------------------------------------------------------------------------------------------------
à    | 0,000  | 0,001  | 0,003  | 0,001  | 0,002  | 0,001  | 0,001  | 0,003  | 0,000  | 0,000  | 0,004  | 0,008  | 0,003  | 0,004  | 0,000  | 0,001  | 0,002  | 0,004  | 0,004  | 0,001  | 0,000  | 0,001  | 0,000  | 0,001  | 0,001  | 0,000  | 0,000  | 0,000  | 0,000  | 0,001  | 0,002 | 0,017 |
-------------------------------------------------------------------------------------------------------------------------------------------------------------------------------------------------------------------------------------------------------------------------------------------------------------------------------------------------------------------
á    | 0,001  | 0,000  | 0,000  | 0,000  | 0,000  | 0,002  | 0,000  | 0,000  | 0,001  | 0,000  | 0,000  | 0,001  | 0,000  | 0,000  | 0,002  | 0,000  | 0,001  | 0,000  | 0,000  | 0,001  | 0,000  | 0,000  | 0,000  | 0,000  | 0,000  | 0,000  | 0,000  | 0,003  | 0,000  | 0,000  | 0,001 | 0,000 |
-------------------------------------------------------------------------------------------------------------------------------------------------------------------------------------------------------------------------------------------------------------------------------------------------------------------------------------------------------------------
â    | 0,005  | 0,000  | 0,000  | 0,000  | 0,000  | 0,005  | 0,000  | 0,000  | 0,003  | 0,000  | 0,000  | 0,001  | 0,000  | 0,001  | 0,006  | 0,000  | 0,001  | 0,002  | 0,000  | 0,001  | 0,000  | 0,000  | 0,000  | 0,000  | 0,001  | 0,000  | 0,000  | 0,002  | 0,000  | 0,000  | 0,000 | 0,006 |
-------------------------------------------------------------------------------------------------------------------------------------------------------------------------------------------------------------------------------------------------------------------------------------------------------------------------------------------------------------------
ã    | 0,001  | 0,000  | 0,000  | 0,000  | 0,001  | 0,000  | 0,000  | 0,000  | 0,001  | 0,000  | 0,000  | 0,001  | 0,000  | 0,000  | 0,006  | 0,000  | 0,002  | 0,000  | 0,000  | 0,000  | 0,000  | 0,000  | 0,000  | 0,000  | 0,000  | 0,000  | 0,000  | 0,000  | 0,000  | 0,000  | 0,000 | 0,001 |
-------------------------------------------------------------------------------------------------------------------------------------------------------------------------------------------------------------------------------------------------------------------------------------------------------------------------------------------------------------------
ä    | 0,004  | 0,000  | 0,001  | 0,000  | 0,000  | 0,005  | 0,000  | 0,000  | 0,003  | 0,000  | 0,000  | 0,001  | 0,000  | 0,002  | 0,003  | 0,000  | 0,001  | 0,000  | 0,000  | 0,001  | 0,000  | 0,000  | 0,000  | 0,000  | 0,000  | 0,000  | 0,000  | 0,001  | 0,000  | 0,000  | 0,000 | 0,001 |
-------------------------------------------------------------------------------------------------------------------------------------------------------------------------------------------------------------------------------------------------------------------------------------------------------------------------------------------------------------------
å    | 0,000  | 0,001  | 0,001  | 0,003  | 0,003  | 0,002  | 0,001  | 0,001  | 0,000  | 0,002  | 0,002  | 0,005  | 0,004  | 0,007  | 0,000  | 0,001  | 0,006  | 0,004  | 0,005  | 0,000  | 0,000  | 0,000  | 0,000  | 0,001  | 0,001  | 0,001  | 0,000  | 0,000  | 0,000  | 0,000  | 0,000 | 0,019 |
-------------------------------------------------------------------------------------------------------------------------------------------------------------------------------------------------------------------------------------------------------------------------------------------------------------------------------------------------------------------
æ    | 0,001  | 0,000  | 0,000  | 0,000  | 0,001  | 0,003  | 0,000  | 0,000  | 0,001  | 0,000  | 0,000  | 0,000  | 0,000  | 0,001  | 0,000  | 0,000  | 0,000  | 0,000  | 0,000  | 0,000  | 0,000  | 0,000  | 0,000  | 0,000  | 0,000  | 0,000  | 0,000  | 0,000  | 0,000  | 0,000  | 0,000 | 0,000 |
-------------------------------------------------------------------------------------------------------------------------------------------------------------------------------------------------------------------------------------------------------------------------------------------------------------------------------------------------------------------
ç    | 0,005  | 0,000  | 0,001  | 0,000  | 0,001  | 0,000  | 0,000  | 0,000  | 0,000  | 0,000  | 0,000  | 0,000  | 0,001  | 0,002  | 0,001  | 0,000  | 0,000  | 0,000  | 0,000  | 0,000  | 0,000  | 0,000  | 0,000  | 0,000  | 0,000  | 0,000  | 0,000  | 0,000  | 0,000  | 0,000  | 0,000 | 0,002 |
-------------------------------------------------------------------------------------------------------------------------------------------------------------------------------------------------------------------------------------------------------------------------------------------------------------------------------------------------------------------
è    | 0,000  | 0,000  | 0,002  | 0,001  | 0,002  | 0,003  | 0,000  | 0,002  | 0,001  | 0,001  | 0,002  | 0,005  | 0,003  | 0,003  | 0,000  | 0,000  | 0,001  | 0,003  | 0,004  | 0,000  | 0,000  | 0,002  | 0,001  | 0,001  | 0,001  | 0,000  | 0,000  | 0,000  | 0,000  | 0,000  | 0,002 | 0,018 |
-------------------------------------------------------------------------------------------------------------------------------------------------------------------------------------------------------------------------------------------------------------------------------------------------------------------------------------------------------------------
é    | 0,000  | 0,000  | 0,000  | 0,000  | 0,000  | 0,000  | 0,000  | 0,000  | 0,000  | 0,000  | 0,000  | 0,000  | 0,000  | 0,000  | 0,000  | 0,000  | 0,000  | 0,001  | 0,000  | 0,000  | 0,000  | 0,000  | 0,000  | 0,000  | 0,000  | 0,000  | 0,000  | 0,000  | 0,000  | 0,000  | 0,000 | 0,007 |
-------------------------------------------------------------------------------------------------------------------------------------------------------------------------------------------------------------------------------------------------------------------------------------------------------------------------------------------------------------------
ê    | 0,006  | 0,000  | 0,000  | 0,000  | 0,000  | 0,001  | 0,000  | 0,000  | 0,002  | 0,000  | 0,000  | 0,001  | 0,000  | 0,000  | 0,008  | 0,000  | 0,002  | 0,001  | 0,001  | 0,002  | 0,000  | 0,000  | 0,000  | 0,000  | 0,000  | 0,000  | 0,000  | 0,000  | 0,000  | 0,000  | 0,000 | 0,004 |
-------------------------------------------------------------------------------------------------------------------------------------------------------------------------------------------------------------------------------------------------------------------------------------------------------------------------------------------------------------------
ë    | 0,007  | 0,000  | 0,000  | 0,000  | 0,000  | 0,004  | 0,000  | 0,000  | 0,007  | 0,000  | 0,000  | 0,000  | 0,000  | 0,000  | 0,006  | 0,000  | 0,000  | 0,001  | 0,000  | 0,001  | 0,000  | 0,000  | 0,000  | 0,000  | 0,000  | 0,000  | 0,004  | 0,001  | 0,000  | 0,001  | 0,002 | 0,004 |
-------------------------------------------------------------------------------------------------------------------------------------------------------------------------------------------------------------------------------------------------------------------------------------------------------------------------------------------------------------------
ì    | 0,003  | 0,000  | 0,000  | 0,000  | 0,000  | 0,004  | 0,000  | 0,000  | 0,003  | 0,000  | 0,000  | 0,000  | 0,000  | 0,001  | 0,004  | 0,000  | 0,000  | 0,000  | 0,000  | 0,002  | 0,000  | 0,000  | 0,000  | 0,000  | 0,000  | 0,000  | 0,000  | 0,001  | 0,000  | 0,000  | 0,000 | 0,008 |
-------------------------------------------------------------------------------------------------------------------------------------------------------------------------------------------------------------------------------------------------------------------------------------------------------------------------------------------------------------------
í    | 0,010  | 0,000  | 0,000  | 0,000  | 0,000  | 0,010  | 0,000  | 0,000  | 0,008  | 0,000  | 0,000  | 0,000  | 0,000  | 0,003  | 0,010  | 0,000  | 0,000  | 0,000  | 0,002  | 0,002  | 0,000  | 0,000  | 0,000  | 0,000  | 0,000  | 0,000  | 0,001  | 0,004  | 0,000  | 0,000  | 0,001 | 0,003 |
-------------------------------------------------------------------------------------------------------------------------------------------------------------------------------------------------------------------------------------------------------------------------------------------------------------------------------------------------------------------
î    | 0,000  | 0,004  | 0,006  | 0,005  | 0,004  | 0,002  | 0,002  | 0,002  | 0,001  | 0,004  | 0,002  | 0,006  | 0,006  | 0,007  | 0,000  | 0,002  | 0,005  | 0,006  | 0,007  | 0,000  | 0,000  | 0,001  | 0,000  | 0,002  | 0,001  | 0,000  | 0,000  | 0,000  | 0,000  | 0,000  | 0,001 | 0,022 |
-------------------------------------------------------------------------------------------------------------------------------------------------------------------------------------------------------------------------------------------------------------------------------------------------------------------------------------------------------------------
ï    | 0,001  | 0,000  | 0,000  | 0,000  | 0,000  | 0,002  | 0,000  | 0,000  | 0,001  | 0,000  | 0,000  | 0,001  | 0,000  | 0,000  | 0,009  | 0,000  | 0,007  | 0,000  | 0,000  | 0,001  | 0,000  | 0,000  | 0,000  | 0,000  | 0,000  | 0,000  | 0,000  | 0,001  | 0,000  | 0,000  | 0,000 | 0,000 |
-------------------------------------------------------------------------------------------------------------------------------------------------------------------------------------------------------------------------------------------------------------------------------------------------------------------------------------------------------------------
ð    | 0,007  | 0,000  | 0,000  | 0,000  | 0,000  | 0,007  | 0,000  | 0,000  | 0,005  | 0,000  | 0,000  | 0,000  | 0,000  | 0,001  | 0,008  | 0,000  | 0,000  | 0,000  | 0,001  | 0,002  | 0,000  | 0,000  | 0,000  | 0,000  | 0,000  | 0,000  | 0,001  | 0,001  | 0,000  | 0,000  | 0,001 | 0,001 |
-------------------------------------------------------------------------------------------------------------------------------------------------------------------------------------------------------------------------------------------------------------------------------------------------------------------------------------------------------------------
ñ    | 0,001  | 0,000  | 0,001  | 0,000  | 0,000  | 0,003  | 0,000  | 0,000  | 0,002  | 0,000  | 0,003  | 0,003  | 0,001  | 0,001  | 0,003  | 0,002  | 0,000  | 0,001  | 0,011  | 0,001  | 0,000  | 0,000  | 0,000  | 0,000  | 0,000  | 0,000  | 0,003  | 0,000  | 0,000  | 0,000  | 0,004 | 0,003 |
-------------------------------------------------------------------------------------------------------------------------------------------------------------------------------------------------------------------------------------------------------------------------------------------------------------------------------------------------------------------
ò    | 0,005  | 0,000  | 0,002  | 0,000  | 0,000  | 0,005  | 0,000  | 0,000  | 0,004  | 0,000  | 0,001  | 0,000  | 0,000  | 0,001  | 0,015  | 0,000  | 0,004  | 0,001  | 0,000  | 0,001  | 0,000  | 0,000  | 0,000  | 0,000  | 0,000  | 0,000  | 0,006  | 0,002  | 0,000  | 0,000  | 0,001 | 0,006 |
-------------------------------------------------------------------------------------------------------------------------------------------------------------------------------------------------------------------------------------------------------------------------------------------------------------------------------------------------------------------
ó    | 0,000  | 0,000  | 0,001  | 0,001  | 0,002  | 0,000  | 0,001  | 0,000  | 0,000  | 0,000  | 0,001  | 0,001  | 0,001  | 0,000  | 0,000  | 0,001  | 0,001  | 0,001  | 0,002  | 0,000  | 0,000  | 0,000  | 0,000  | 0,001  | 0,001  | 0,000  | 0,000  | 0,000  | 0,000  | 0,001  | 0,000 | 0,005 |
-------------------------------------------------------------------------------------------------------------------------------------------------------------------------------------------------------------------------------------------------------------------------------------------------------------------------------------------------------------------
ô    | 0,000  | 0,000  | 0,000  | 0,000  | 0,000  | 0,000  | 0,000  | 0,000  | 0,000  | 0,000  | 0,000  | 0,000  | 0,000  | 0,000  | 0,000  | 0,000  | 0,000  | 0,000  | 0,000  | 0,000  | 0,000  | 0,000  | 0,000  | 0,000  | 0,000  | 0,000  | 0,000  | 0,000  | 0,000  | 0,000  | 0,000 | 0,000 |
-------------------------------------------------------------------------------------------------------------------------------------------------------------------------------------------------------------------------------------------------------------------------------------------------------------------------------------------------------------------
õ    | 0,000  | 0,000  | 0,000  | 0,000  | 0,000  | 0,000  | 0,000  | 0,000  | 0,000  | 0,000  | 0,000  | 0,000  | 0,000  | 0,000  | 0,002  | 0,000  | 0,000  | 0,000  | 0,000  | 0,000  | 0,000  | 0,000  | 0,000  | 0,000  | 0,000  | 0,000  | 0,000  | 0,000  | 0,000  | 0,000  | 0,000 | 0,003 |
-------------------------------------------------------------------------------------------------------------------------------------------------------------------------------------------------------------------------------------------------------------------------------------------------------------------------------------------------------------------
ö    | 0,001  | 0,000  | 0,000  | 0,000  | 0,000  | 0,001  | 0,000  | 0,000  | 0,001  | 0,000  | 0,000  | 0,000  | 0,000  | 0,000  | 0,000  | 0,000  | 0,000  | 0,000  | 0,000  | 0,000  | 0,000  | 0,000  | 0,000  | 0,000  | 0,000  | 0,000  | 0,000  | 0,000  | 0,000  | 0,000  | 0,000 | 0,000 |
-------------------------------------------------------------------------------------------------------------------------------------------------------------------------------------------------------------------------------------------------------------------------------------------------------------------------------------------------------------------
÷    | 0,002  | 0,000  | 0,000  | 0,000  | 0,000  | 0,004  | 0,000  | 0,000  | 0,001  | 0,000  | 0,000  | 0,000  | 0,000  | 0,001  | 0,000  | 0,000  | 0,000  | 0,000  | 0,004  | 0,001  | 0,000  | 0,000  | 0,000  | 0,000  | 0,000  | 0,000  | 0,000  | 0,000  | 0,000  | 0,000  | 0,000 | 0,000 |
-------------------------------------------------------------------------------------------------------------------------------------------------------------------------------------------------------------------------------------------------------------------------------------------------------------------------------------------------------------------
ø    | 0,001  | 0,000  | 0,000  | 0,000  | 0,000  | 0,002  | 0,000  | 0,000  | 0,001  | 0,000  | 0,001  | 0,001  | 0,000  | 0,000  | 0,000  | 0,000  | 0,000  | 0,000  | 0,000  | 0,000  | 0,000  | 0,000  | 0,000  | 0,000  | 0,000  | 0,000  | 0,001  | 0,000  | 0,000  | 0,000  | 0,000 | 0,000 |
-------------------------------------------------------------------------------------------------------------------------------------------------------------------------------------------------------------------------------------------------------------------------------------------------------------------------------------------------------------------
ù    | 0,000  | 0,000  | 0,000  | 0,000  | 0,000  | 0,002  | 0,000  | 0,000  | 0,001  | 0,000  | 0,000  | 0,000  | 0,000  | 0,000  | 0,000  | 0,000  | 0,000  | 0,000  | 0,000  | 0,000  | 0,000  | 0,000  | 0,000  | 0,000  | 0,000  | 0,000  | 0,000  | 0,000  | 0,000  | 0,000  | 0,000 | 0,000 |
-------------------------------------------------------------------------------------------------------------------------------------------------------------------------------------------------------------------------------------------------------------------------------------------------------------------------------------------------------------------
ü    | 0,000  | 0,000  | 0,000  | 0,000  | 0,000  | 0,000  | 0,000  | 0,000  | 0,000  | 0,000  | 0,001  | 0,000  | 0,000  | 0,001  | 0,000  | 0,000  | 0,000  | 0,001  | 0,000  | 0,000  | 0,000  | 0,000  | 0,000  | 0,000  | 0,001  | 0,000  | 0,000  | 0,000  | 0,000  | 0,000  | 0,000 | 0,012 |
-------------------------------------------------------------------------------------------------------------------------------------------------------------------------------------------------------------------------------------------------------------------------------------------------------------------------------------------------------------------
û    | 0,000  | 0,000  | 0,001  | 0,000  | 0,000  | 0,001  | 0,000  | 0,000  | 0,000  | 0,001  | 0,000  | 0,002  | 0,001  | 0,000  | 0,000  | 0,000  | 0,000  | 0,001  | 0,001  | 0,000  | 0,000  | 0,001  | 0,000  | 0,000  | 0,000  | 0,000  | 0,000  | 0,000  | 0,000  | 0,000  | 0,000 | 0,005 |
-------------------------------------------------------------------------------------------------------------------------------------------------------------------------------------------------------------------------------------------------------------------------------------------------------------------------------------------------------------------
ý    | 0,000  | 0,000  | 0,000  | 0,000  | 0,000  | 0,000  | 0,000  | 0,000  | 0,000  | 0,000  | 0,000  | 0,000  | 0,000  | 0,000  | 0,000  | 0,000  | 0,000  | 0,000  | 0,003  | 0,000  | 0,000  | 0,000  | 0,000  | 0,000  | 0,000  | 0,000  | 0,000  | 0,000  | 0,000  | 0,000  | 0,000 | 0,000 |
-------------------------------------------------------------------------------------------------------------------------------------------------------------------------------------------------------------------------------------------------------------------------------------------------------------------------------------------------------------------
þ    | 0,000  | 0,000  | 0,000  | 0,000  | 0,000  | 0,000  | 0,000  | 0,000  | 0,000  | 0,000  | 0,000  | 0,000  | 0,000  | 0,000  | 0,000  | 0,000  | 0,000  | 0,000  | 0,000  | 0,000  | 0,000  | 0,000  | 0,000  | 0,000  | 0,000  | 0,001  | 0,000  | 0,000  | 0,000  | 0,000  | 0,000 | 0,002 |
-------------------------------------------------------------------------------------------------------------------------------------------------------------------------------------------------------------------------------------------------------------------------------------------------------------------------------------------------------------------
ÿ    | 0,000  | 0,000  | 0,000  | 0,000  | 0,001  | 0,000  | 0,000  | 0,000  | 0,000  | 0,000  | 0,000  | 0,001  | 0,000  | 0,000  | 0,000  | 0,000  | 0,000  | 0,000  | 0,001  | 0,000  | 0,000  | 0,000  | 0,000  | 0,000  | 0,000  | 0,000  | 0,000  | 0,000  | 0,000  | 0,000  | 0,000 | 0,011 |
----------------------------------------------------------------------------------------------------------------------------------------------------------------------------------------------------------------------------------------------------------------------------------------------------------------------------------------------------------------------------------------------
' ' | 0,002  | 0,006  | 0,014  | 0,003  | 0,007  | 0,004  | 0,001  | 0,005  | 0,010  | 0,000  | 0,009  | 0,003  | 0,006  | 0,016  | 0,011  | 0,017  | 0,004  | 0,015  | 0,009  | 0,004  | 0,001  | 0,001  | 0,000  | 0,006  | 0,001  | 0,000  | 0,000  | 0,000  | 0,003  | 0,000  | 0,002 | 0,000 |
--------------------------------------------------------------------------------------------------------------------------------------------------------------------------------------------------------------------------------------------------------------------------------------------------------------------------------------------------------------------------------------------------