     |      à       |      á       |      â       |      ã       |      ä       |      å       |      æ       |      ç       |      è       |      é       |      ê       |      ë       |      ì       |      í       |      î       |      ï       |      ð       |      ñ       |      ò       |      ó       |      ô       |      õ       |      ö       |      ÷       |      ø       |      ù       |      ü       |      û       |      ý       |      þ       |      ÿ       |      ' '      |
-------------------------------------------------------------------------------------------------------------------------------------------------------------------------------------------------------------------------------------------------------------------------------------------------------------------------------------------------------------------------------------------------------------------------------------------------------------------
à    | 0,000217098  | 0,002089339  | 0,005212213  | 0,001253418  | 0,002949382  | 0,002313859  | 0,001535460  | 0,004527519  | 0,001374028  | 0,000554807  | 0,005899691  | 0,009609845  | 0,004409692  | 0,006865500  | 0,001492782  | 0,003185035  | 0,002679401  | 0,006475837  | 0,006578819  | 0,001140230  | 0,000496357  | 0,001234862  | 0,000422135  | 0,001685759  | 0,000849838  | 0,000419352  | 0,000000000  | 0,000000000  | 0,000404508  | 0,001221873  | 0,002775889 | 0,000000000 |
-------------------------------------------------------------------------------------------------------------------------------------------------------------------------------------------------------------------------------------------------------------------------------------------------------------------------------------------------------------------------------------------------------------------------------------------------------------------
á    | 0,000903648  | 0,000045461  | 0,000351625  | 0,000021339  | 0,000074222  | 0,002113461  | 0,000025050  | 0,000072366  | 0,001716375  | 0,000008350  | 0,000184626  | 0,002514258  | 0,000117827  | 0,000594701  | 0,002847327  | 0,000232870  | 0,001570715  | 0,000438835  | 0,000505635  | 0,001065080  | 0,000000928  | 0,000072366  | 0,000002783  | 0,000135454  | 0,000047316  | 0,000241220  | 0,000106694  | 0,000038966  | 0,000123393  | 0,000006494  | 0,000649439 | 0,000000000 |
-------------------------------------------------------------------------------------------------------------------------------------------------------------------------------------------------------------------------------------------------------------------------------------------------------------------------------------------------------------------------------------------------------------------------------------------------------------------
â    | 0,006416460  | 0,000401725  | 0,000585423  | 0,000472235  | 0,000871176  | 0,005747537  | 0,000099271  | 0,000847054  | 0,003734275  | 0,000141949  | 0,000997353  | 0,001099408  | 0,000605834  | 0,002549513  | 0,007149398  | 0,001221873  | 0,001487216  | 0,003882719  | 0,000893443  | 0,000850765  | 0,000040822  | 0,000324720  | 0,000081644  | 0,000235654  | 0,001144869  | 0,000013917  | 0,000002783  | 0,000164215  | 0,000269053  | 0,000098344  | 0,000362758 | 0,000000000 |
-------------------------------------------------------------------------------------------------------------------------------------------------------------------------------------------------------------------------------------------------------------------------------------------------------------------------------------------------------------------------------------------------------------------------------------------------------------------
ã    | 0,001322073  | 0,000100199  | 0,000131743  | 0,000016700  | 0,001356400  | 0,000406363  | 0,000002783  | 0,000034328  | 0,000923131  | 0,000000000  | 0,000162360  | 0,001698747  | 0,000049172  | 0,000486152  | 0,007668949  | 0,000139166  | 0,001932546  | 0,000114116  | 0,000056594  | 0,000592845  | 0,000000928  | 0,000004639  | 0,000000000  | 0,000077933  | 0,000009278  | 0,000000928  | 0,000000000  | 0,000000000  | 0,000012989  | 0,000000928  | 0,000012061 | 0,000000000 |
-------------------------------------------------------------------------------------------------------------------------------------------------------------------------------------------------------------------------------------------------------------------------------------------------------------------------------------------------------------------------------------------------------------------------------------------------------------------
ä    | 0,005230769  | 0,000091849  | 0,001251562  | 0,000094633  | 0,000147515  | 0,005485906  | 0,000245859  | 0,000058450  | 0,003102464  | 0,000058450  | 0,000458319  | 0,000796027  | 0,000181843  | 0,002270254  | 0,004148061  | 0,000272764  | 0,001125385  | 0,000576145  | 0,000399869  | 0,001553087  | 0,000010205  | 0,000111332  | 0,000231015  | 0,000104838  | 0,000127105  | 0,000000000  | 0,000017628  | 0,000359975  | 0,000033400  | 0,000035255  | 0,000400797 | 0,000000000 |
-------------------------------------------------------------------------------------------------------------------------------------------------------------------------------------------------------------------------------------------------------------------------------------------------------------------------------------------------------------------------------------------------------------------------------------------------------------------
å    | 0,000395230  | 0,003038448  | 0,003987557  | 0,003899419  | 0,004843889  | 0,002308293  | 0,001136519  | 0,002282315  | 0,001464022  | 0,002899282  | 0,002906704  | 0,006074112  | 0,005929380  | 0,011057166  | 0,001885229  | 0,003621087  | 0,007721832  | 0,007359074  | 0,007401751  | 0,000802521  | 0,000157721  | 0,000692117  | 0,000336781  | 0,001890796  | 0,001465877  | 0,000932409  | 0,000000000  | 0,000000000  | 0,000398013  | 0,000123393  | 0,000339564 | 0,000000000 |
-------------------------------------------------------------------------------------------------------------------------------------------------------------------------------------------------------------------------------------------------------------------------------------------------------------------------------------------------------------------------------------------------------------------------------------------------------------------
æ    | 0,001228368  | 0,000047316  | 0,000020411  | 0,000013917  | 0,001001992  | 0,003988484  | 0,000010205  | 0,000007422  | 0,001524327  | 0,000000000  | 0,000108549  | 0,000015772  | 0,000010205  | 0,001691325  | 0,000117827  | 0,000017628  | 0,000007422  | 0,000019483  | 0,000023194  | 0,000304309  | 0,000000000  | 0,000004639  | 0,000000000  | 0,000037111  | 0,000000000  | 0,000000000  | 0,000000000  | 0,000068655  | 0,000008350  | 0,000000000  | 0,000007422 | 0,000000000 |
-------------------------------------------------------------------------------------------------------------------------------------------------------------------------------------------------------------------------------------------------------------------------------------------------------------------------------------------------------------------------------------------------------------------------------------------------------------------
ç    | 0,005629710  | 0,000261631  | 0,001499277  | 0,000511201  | 0,001254345  | 0,000548312  | 0,000103910  | 0,000174421  | 0,000637378  | 0,000000000  | 0,000396158  | 0,000299670  | 0,000746855  | 0,002322209  | 0,001294240  | 0,000212459  | 0,000510274  | 0,000189265  | 0,000130816  | 0,000524190  | 0,000011133  | 0,000007422  | 0,000067727  | 0,000056594  | 0,000021339  | 0,000000000  | 0,000012989  | 0,000173493  | 0,000049172  | 0,000013917  | 0,000182771 | 0,000000000 |
-------------------------------------------------------------------------------------------------------------------------------------------------------------------------------------------------------------------------------------------------------------------------------------------------------------------------------------------------------------------------------------------------------------------------------------------------------------------
è    | 0,000498213  | 0,001662564  | 0,005160259  | 0,001053947  | 0,002748056  | 0,003458728  | 0,000493574  | 0,003445739  | 0,002361175  | 0,001207029  | 0,003643354  | 0,006059268  | 0,004094251  | 0,005748465  | 0,002132944  | 0,002684040  | 0,002132944  | 0,005677026  | 0,005895053  | 0,000547384  | 0,000158649  | 0,002239638  | 0,001575354  | 0,001950173  | 0,001051164  | 0,000191121  | 0,000000000  | 0,000000000  | 0,000381314  | 0,000474091  | 0,002214588 | 0,000000000 |
-------------------------------------------------------------------------------------------------------------------------------------------------------------------------------------------------------------------------------------------------------------------------------------------------------------------------------------------------------------------------------------------------------------------------------------------------------------------
é    | 0,000148443  | 0,000321936  | 0,000777472  | 0,000197615  | 0,000540890  | 0,000115971  | 0,000106694  | 0,000297814  | 0,000560373  | 0,000000000  | 0,000602123  | 0,000202254  | 0,000514913  | 0,001151363  | 0,000532540  | 0,000917565  | 0,000326575  | 0,001669987  | 0,000743144  | 0,000190193  | 0,000069583  | 0,000072366  | 0,000050100  | 0,000362758  | 0,000166071  | 0,000005567  | 0,000000000  | 0,000000000  | 0,000196687  | 0,000010205  | 0,000083499 | 0,000000000 |
-------------------------------------------------------------------------------------------------------------------------------------------------------------------------------------------------------------------------------------------------------------------------------------------------------------------------------------------------------------------------------------------------------------------------------------------------------------------
ê    | 0,007760799  | 0,000327503  | 0,000631812  | 0,000121538  | 0,000165143  | 0,000822005  | 0,000107621  | 0,000148443  | 0,003244413  | 0,000000000  | 0,000241220  | 0,000860043  | 0,000269981  | 0,000809943  | 0,009874259  | 0,000379458  | 0,002597757  | 0,001252490  | 0,001493710  | 0,002299015  | 0,000012989  | 0,000023194  | 0,000118755  | 0,000240293  | 0,000033400  | 0,000000000  | 0,000000000  | 0,000000000  | 0,000113188  | 0,000015772  | 0,000057522 | 0,000000000 |
-------------------------------------------------------------------------------------------------------------------------------------------------------------------------------------------------------------------------------------------------------------------------------------------------------------------------------------------------------------------------------------------------------------------------------------------------------------------
ë    | 0,008395393  | 0,000372964  | 0,000581712  | 0,000310803  | 0,000198543  | 0,005227058  | 0,000395230  | 0,000184626  | 0,008734957  | 0,000050100  | 0,000796027  | 0,000321936  | 0,000269981  | 0,001064153  | 0,008048408  | 0,000486152  | 0,000100199  | 0,001786886  | 0,000299670  | 0,001443611  | 0,000022266  | 0,000095560  | 0,000012061  | 0,000482441  | 0,000162360  | 0,000007422  | 0,000000000  | 0,004913472  | 0,000094633  | 0,000989931  | 0,002053156 | 0,000000000 |
-------------------------------------------------------------------------------------------------------------------------------------------------------------------------------------------------------------------------------------------------------------------------------------------------------------------------------------------------------------------------------------------------------------------------------------------------------------------
ì    | 0,003150708  | 0,000506563  | 0,000905504  | 0,000251426  | 0,000503779  | 0,004705651  | 0,000095560  | 0,000261631  | 0,003909624  | 0,000073294  | 0,000701394  | 0,000410074  | 0,000597484  | 0,002499413  | 0,005190875  | 0,001301662  | 0,000259776  | 0,001453816  | 0,000616039  | 0,002616312  | 0,000064944  | 0,000169782  | 0,000026905  | 0,000480585  | 0,000173493  | 0,000005567  | 0,000000000  | 0,000052883  | 0,000118755  | 0,000015772  | 0,000632739 | 0,000000000 |
-------------------------------------------------------------------------------------------------------------------------------------------------------------------------------------------------------------------------------------------------------------------------------------------------------------------------------------------------------------------------------------------------------------------------------------------------------------------
í    | 0,012474800  | 0,000321936  | 0,000469452  | 0,000128960  | 0,000432341  | 0,012527682  | 0,000042677  | 0,000205965  | 0,010366905  | 0,000964881  | 0,000538107  | 0,000055666  | 0,001225585  | 0,005196441  | 0,012139875  | 0,000523262  | 0,000320081  | 0,000941687  | 0,002303654  | 0,003014326  | 0,000082572  | 0,000779327  | 0,000283898  | 0,000284825  | 0,000033400  | 0,000078860  | 0,000001856  | 0,000788605  | 0,000048244  | 0,000169782  | 0,001535460 | 0,000000000 |
-------------------------------------------------------------------------------------------------------------------------------------------------------------------------------------------------------------------------------------------------------------------------------------------------------------------------------------------------------------------------------------------------------------------------------------------------------------------
î    | 0,000188337  | 0,006835812  | 0,010690697  | 0,006242966  | 0,006396976  | 0,002977215  | 0,002665484  | 0,002817638  | 0,002279532  | 0,004255682  | 0,003644282  | 0,008145823  | 0,007898108  | 0,010910579  | 0,002292520  | 0,004927388  | 0,006785712  | 0,010217534  | 0,010637814  | 0,000719022  | 0,000223593  | 0,000814582  | 0,000202254  | 0,003252763  | 0,000886948  | 0,000401725  | 0,000000000  | 0,000000000  | 0,000590062  | 0,000149371  | 0,001142085 | 0,000000000 |
-------------------------------------------------------------------------------------------------------------------------------------------------------------------------------------------------------------------------------------------------------------------------------------------------------------------------------------------------------------------------------------------------------------------------------------------------------------------
ï    | 0,001619887  | 0,000011133  | 0,000030616  | 0,000000928  | 0,000009278  | 0,002784239  | 0,000001856  | 0,000001856  | 0,001126313  | 0,000005567  | 0,000164215  | 0,001161568  | 0,000017628  | 0,000217098  | 0,011237154  | 0,000124321  | 0,008276639  | 0,000243076  | 0,000634595  | 0,000972303  | 0,000001856  | 0,000015772  | 0,000000000  | 0,000016700  | 0,000024122  | 0,000001856  | 0,000000000  | 0,000052883  | 0,000000928  | 0,000006494  | 0,000188337 | 0,000000000 |
-------------------------------------------------------------------------------------------------------------------------------------------------------------------------------------------------------------------------------------------------------------------------------------------------------------------------------------------------------------------------------------------------------------------------------------------------------------------
ð    | 0,008904739  | 0,000166071  | 0,000911998  | 0,000282042  | 0,000227304  | 0,008465904  | 0,000411930  | 0,000093705  | 0,005602805  | 0,000174421  | 0,000413786  | 0,000263487  | 0,000500068  | 0,001541027  | 0,009435424  | 0,000219882  | 0,000150299  | 0,000376675  | 0,001029825  | 0,002743417  | 0,000013917  | 0,000372964  | 0,000052883  | 0,000134527  | 0,000223593  | 0,000037111  | 0,000000000  | 0,000616039  | 0,000034328  | 0,000134527  | 0,001220018 | 0,000000000 |
-------------------------------------------------------------------------------------------------------------------------------------------------------------------------------------------------------------------------------------------------------------------------------------------------------------------------------------------------------------------------------------------------------------------------------------------------------------------
ñ    | 0,001795236  | 0,000250498  | 0,001965945  | 0,000165143  | 0,000436052  | 0,003834475  | 0,000044533  | 0,000094633  | 0,002017900  | 0,000000000  | 0,003701804  | 0,004039512  | 0,001288673  | 0,001862963  | 0,003232352  | 0,002959587  | 0,000475946  | 0,001040031  | 0,013478647  | 0,000932409  | 0,000077933  | 0,000244004  | 0,000088138  | 0,000508418  | 0,000107621  | 0,000015772  | 0,000016700  | 0,004034873  | 0,000130816  | 0,000209676  | 0,004767811 | 0,000000000 |
-------------------------------------------------------------------------------------------------------------------------------------------------------------------------------------------------------------------------------------------------------------------------------------------------------------------------------------------------------------------------------------------------------------------------------------------------------------------
ò    | 0,006450787  | 0,000908287  | 0,003837258  | 0,000159576  | 0,000526974  | 0,006058340  | 0,000112260  | 0,000226376  | 0,004849455  | 0,000092777  | 0,001250634  | 0,000483368  | 0,000523262  | 0,002689606  | 0,018268725  | 0,000951892  | 0,005133353  | 0,002273965  | 0,000568723  | 0,001796163  | 0,000043605  | 0,000148443  | 0,000082572  | 0,000514913  | 0,000036183  | 0,000033400  | 0,000006494  | 0,007216197  | 0,000178132  | 0,000055666  | 0,000697683 | 0,000000000 |
-------------------------------------------------------------------------------------------------------------------------------------------------------------------------------------------------------------------------------------------------------------------------------------------------------------------------------------------------------------------------------------------------------------------------------------------------------------------
ó    | 0,000210604  | 0,000855404  | 0,001412994  | 0,001280323  | 0,002104183  | 0,000355336  | 0,001571643  | 0,000513057  | 0,000998281  | 0,000113188  | 0,001243212  | 0,001804513  | 0,001343411  | 0,001284034  | 0,000427702  | 0,001340628  | 0,001088275  | 0,001943679  | 0,002337981  | 0,000130816  | 0,000035255  | 0,000463885  | 0,000019483  | 0,001520616  | 0,000790460  | 0,000585423  | 0,000000000  | 0,000000000  | 0,000108549  | 0,001284034  | 0,000199471 | 0,000000000 |
-------------------------------------------------------------------------------------------------------------------------------------------------------------------------------------------------------------------------------------------------------------------------------------------------------------------------------------------------------------------------------------------------------------------------------------------------------------------
ô    | 0,000238437  | 0,000007422  | 0,000013917  | 0,000000928  | 0,000004639  | 0,000168854  | 0,000000000  | 0,000006494  | 0,000375747  | 0,000000000  | 0,000008350  | 0,000050100  | 0,000004639  | 0,000023194  | 0,000512129  | 0,000023194  | 0,000096488  | 0,000020411  | 0,000018555  | 0,000108549  | 0,000025050  | 0,000000928  | 0,000000000  | 0,000000000  | 0,000001856  | 0,000000000  | 0,000000000  | 0,000000928  | 0,000001856  | 0,000000000  | 0,000001856 | 0,000000000 |
-------------------------------------------------------------------------------------------------------------------------------------------------------------------------------------------------------------------------------------------------------------------------------------------------------------------------------------------------------------------------------------------------------------------------------------------------------------------
õ    | 0,000372964  | 0,000166071  | 0,000577073  | 0,000077005  | 0,000219882  | 0,000140093  | 0,000034328  | 0,000127105  | 0,000464813  | 0,000000000  | 0,000280187  | 0,000253281  | 0,000259776  | 0,000559445  | 0,002834338  | 0,000527901  | 0,000284825  | 0,000517696  | 0,000229159  | 0,000244004  | 0,000037111  | 0,000024122  | 0,000018555  | 0,000103910  | 0,000041750  | 0,000000928  | 0,000009278  | 0,000000000  | 0,000066799  | 0,000005567  | 0,000042677 | 0,000000000 |
-------------------------------------------------------------------------------------------------------------------------------------------------------------------------------------------------------------------------------------------------------------------------------------------------------------------------------------------------------------------------------------------------------------------------------------------------------------------
ö    | 0,000655934  | 0,000021339  | 0,000139166  | 0,000011133  | 0,000034328  | 0,000986220  | 0,000000000  | 0,000012061  | 0,001165280  | 0,000000000  | 0,000050100  | 0,000012061  | 0,000016700  | 0,000055666  | 0,000239365  | 0,000040822  | 0,000016700  | 0,000043605  | 0,000028761  | 0,000185554  | 0,000000000  | 0,000006494  | 0,000002783  | 0,000007422  | 0,000000000  | 0,000000000  | 0,000000000  | 0,000000000  | 0,000004639  | 0,000000928  | 0,000005567 | 0,000000000 |
-------------------------------------------------------------------------------------------------------------------------------------------------------------------------------------------------------------------------------------------------------------------------------------------------------------------------------------------------------------------------------------------------------------------------------------------------------------------
÷    | 0,002016045  | 0,000000000  | 0,000025050  | 0,000000000  | 0,000001856  | 0,004291866  | 0,000000000  | 0,000001856  | 0,001691325  | 0,000000000  | 0,000411930  | 0,000087210  | 0,000000928  | 0,001403717  | 0,000087210  | 0,000003711  | 0,000022266  | 0,000006494  | 0,004697301  | 0,000742216  | 0,000003711  | 0,000000928  | 0,000000928  | 0,000000928  | 0,000114116  | 0,000000000  | 0,000000000  | 0,000301525  | 0,000000000  | 0,000000000  | 0,000000000 | 0,000000000 |
-------------------------------------------------------------------------------------------------------------------------------------------------------------------------------------------------------------------------------------------------------------------------------------------------------------------------------------------------------------------------------------------------------------------------------------------------------------------
ø    | 0,000775616  | 0,000006494  | 0,000067727  | 0,000000928  | 0,000006494  | 0,002190466  | 0,000000000  | 0,000001856  | 0,001653287  | 0,000000000  | 0,000732011  | 0,000629028  | 0,000034328  | 0,000454607  | 0,000179060  | 0,000031544  | 0,000012061  | 0,000003711  | 0,000098344  | 0,000193904  | 0,000000928  | 0,000000000  | 0,000010205  | 0,000000928  | 0,000000000  | 0,000000000  | 0,000000000  | 0,001393511  | 0,000000928  | 0,000000928  | 0,000000000 | 0,000000000 |
-------------------------------------------------------------------------------------------------------------------------------------------------------------------------------------------------------------------------------------------------------------------------------------------------------------------------------------------------------------------------------------------------------------------------------------------------------------------
ù    | 0,000517696  | 0,000000000  | 0,000002783  | 0,000000000  | 0,000000928  | 0,002093978  | 0,000000000  | 0,000000000  | 0,001207029  | 0,000000000  | 0,000000000  | 0,000000000  | 0,000000928  | 0,000105766  | 0,000005567  | 0,000000928  | 0,000016700  | 0,000000000  | 0,000000000  | 0,000314514  | 0,000000000  | 0,000000000  | 0,000000000  | 0,000000000  | 0,000000000  | 0,000000000  | 0,000000000  | 0,000042677  | 0,000000000  | 0,000000000  | 0,000000000 | 0,000000000 |
-------------------------------------------------------------------------------------------------------------------------------------------------------------------------------------------------------------------------------------------------------------------------------------------------------------------------------------------------------------------------------------------------------------------------------------------------------------------
ü    | 0,000000000  | 0,000000000  | 0,000000000  | 0,000000000  | 0,000002783  | 0,000095560  | 0,000000000  | 0,000000000  | 0,000001856  | 0,000000000  | 0,000000000  | 0,000000000  | 0,000000000  | 0,000000000  | 0,000000000  | 0,000000000  | 0,000000000  | 0,000000000  | 0,000000928  | 0,000000000  | 0,000000000  | 0,000000928  | 0,000000000  | 0,000000000  | 0,000000000  | 0,000000000  | 0,000000000  | 0,000000000  | 0,000000000  | 0,000000928  | 0,000071438 | 0,000000000 |
-------------------------------------------------------------------------------------------------------------------------------------------------------------------------------------------------------------------------------------------------------------------------------------------------------------------------------------------------------------------------------------------------------------------------------------------------------------------
û    | 0,000139166  | 0,000523262  | 0,001587415  | 0,000234726  | 0,000584495  | 0,000799738  | 0,000080716  | 0,000578001  | 0,001017764  | 0,000000000  | 0,001790597  | 0,000292248  | 0,000667995  | 0,003415122  | 0,001000136  | 0,001274756  | 0,000281114  | 0,002775889  | 0,000809016  | 0,000323792  | 0,000040822  | 0,000103910  | 0,000132671  | 0,000670778  | 0,000801594  | 0,000011133  | 0,000000000  | 0,000000000  | 0,000288537  | 0,000513985  | 0,000373891 | 0,000000000 |
-------------------------------------------------------------------------------------------------------------------------------------------------------------------------------------------------------------------------------------------------------------------------------------------------------------------------------------------------------------------------------------------------------------------------------------------------------------------
ý    | 0,000000000  | 0,000000928  | 0,000026905  | 0,000004639  | 0,000030616  | 0,000000000  | 0,000000000  | 0,000002783  | 0,000000000  | 0,000004639  | 0,000453680  | 0,000045461  | 0,000030616  | 0,000043605  | 0,000000000  | 0,000021339  | 0,000019483  | 0,000007422  | 0,003178541  | 0,000000928  | 0,000027833  | 0,000016700  | 0,000000000  | 0,000000000  | 0,000000928  | 0,000000000  | 0,000000000  | 0,000000000  | 0,000000000  | 0,000000000  | 0,000000000 | 0,000000000 |
-------------------------------------------------------------------------------------------------------------------------------------------------------------------------------------------------------------------------------------------------------------------------------------------------------------------------------------------------------------------------------------------------------------------------------------------------------------------
þ    | 0,000045461  | 0,000327503  | 0,000236581  | 0,000071438  | 0,000565012  | 0,000060305  | 0,000310803  | 0,000169782  | 0,000182771  | 0,000009278  | 0,000262559  | 0,000056594  | 0,000166071  | 0,000265342  | 0,000184626  | 0,000278331  | 0,000138238  | 0,000372036  | 0,000654078  | 0,000049172  | 0,000024122  | 0,000033400  | 0,000024122  | 0,000280187  | 0,000028761  | 0,000917565  | 0,000000000  | 0,000000000  | 0,000063088  | 0,000034328  | 0,000034328 | 0,000000000 |
-------------------------------------------------------------------------------------------------------------------------------------------------------------------------------------------------------------------------------------------------------------------------------------------------------------------------------------------------------------------------------------------------------------------------------------------------------------------
ÿ    | 0,000141949  | 0,000638306  | 0,001968729  | 0,000318225  | 0,001329495  | 0,000462957  | 0,000243076  | 0,000796027  | 0,000836849  | 0,000021339  | 0,001257129  | 0,001073430  | 0,000989931  | 0,002165416  | 0,000892515  | 0,001370317  | 0,000390591  | 0,001701531  | 0,001917701  | 0,000333997  | 0,000038966  | 0,000293175  | 0,000120610  | 0,000578929  | 0,000054738  | 0,000385025  | 0,000000000  | 0,000000000  | 0,000190193  | 0,000168854  | 0,000231015 | 0,000000000 |
----------------------------------------------------------------------------------------------------------------------------------------------------------------------------------------------------------------------------------------------------------------------------------------------------------------------------------------------------------------------------------------------------------------------------------------------------------------------------------------------
' ' | 0,000000000  | 0,000000000  | 0,000000000  | 0,000000000  | 0,000000000  | 0,000000000  | 0,000000000  | 0,000000000  | 0,000000000  | 0,000000000  | 0,000000000  | 0,000000000  | 0,000000000  | 0,000000000  | 0,000000000  | 0,000000000  | 0,000000000  | 0,000000000  | 0,000000000  | 0,000000000  | 0,000000000  | 0,000000000  | 0,000000000  | 0,000000000  | 0,000000000  | 0,000000000  | 0,000000000  | 0,000000000  | 0,000000000  | 0,000000000  | 0,000000000 | 0,000000000 |
--------------------------------------------------------------------------------------------------------------------------------------------------------------------------------------------------------------------------------------------------------------------------------------------------------------------------------------------------------------------------------------------------------------------------------------------------------------------------------------------------