1 1 1077854 0
à 83906 0,077845424
á 17877 0,016585734
â 45744 0,042439885
ã 18536 0,017197134
ä 30992 0,028753430
å 92194 0,085534774
æ 10646 0,009877034
ç 18908 0,017542265
è 74506 0,069124393
é 11463 0,010635021
ê 35893 0,033300430
ë 51394 0,047681782
ì 33772 0,031332631
í 71848 0,066658378
î 124332 0,115351431
ï 30930 0,028695909
ð 47744 0,044295423
ñ 57038 0,052918114
ò 70570 0,065472692
ó 28816 0,026734604
ô 1836 0,001703385
õ 9024 0,008372191
ö 4014 0,003724067
÷ 16832 0,015616215
ø 9052 0,008398169
ù 4620 0,004286295
ü 21793 0,020218879
û 21103 0,019578718
ý 4215 0,003910548
þ 6188 0,005741037
ÿ 21863 0,020283824
  0 0,000000000
