1 1 1282150 204296
à 83906 0,065441638
á 17877 0,013942987
â 45744 0,035677575
ã 18536 0,014456967
ä 30992 0,024171898
å 92194 0,071905784
æ 10646 0,008303241
ç 18908 0,014747105
è 74506 0,058110207
é 11463 0,008940452
ê 35893 0,027994385
ë 51394 0,040084235
ì 33772 0,026340133
í 71848 0,056037124
î 124332 0,096971489
ï 30930 0,024123542
ð 47744 0,037237454
ñ 57038 0,044486213
ò 70570 0,055040363
ó 28816 0,022474749
ô 1836 0,001431970
õ 9024 0,007038178
ö 4014 0,003130679
÷ 16832 0,013127949
ø 9052 0,007060017
ù 4620 0,003603322
ü 21793 0,016997231
û 21103 0,016459072
ý 4215 0,003287447
þ 6188 0,004826268
ÿ 21863 0,017051827
  204296 0,159338608
