1 2 1282150 204296
אא 1 0,000000780
אב 1106 0,000862614
אג 3582 0,002793745
אד 818 0,000637991
אה 2232 0,001740826
או 1885 0,001470187
אז 1542 0,001202667
אח 3859 0,003009788
אט 168 0,000131030
אי 596 0,000464844
אך 5115 0,003989393
אכ 9891 0,007714386
אל 3617 0,002821043
אם 4904 0,003824825
אמ 52 0,000040557
אן 1140 0,000889132
אנ 2299 0,001793082
אס 4791 0,003736692
אע 5618 0,004381703
אף 689 0,000537379
אפ 425 0,000331474
אץ 1198 0,000934368
אצ 409 0,000318995
אק 1104 0,000861054
אר 822 0,000641111
אש 447 0,000348633
א 0 0,000000000
א 0 0,000000000
א‎ 9 0,000007019
א‏ 1289 0,001005343
א 2640 0,002059042
א  21657 0,016891159
בא 966 0,000753422
בב 5 0,000003900
בג 47 0,000036657
בד 5 0,000003900
בה 20 0,000015599
בו 2225 0,001735366
בז 23 0,000017939
בח 6 0,000004680
בט 1766 0,001377374
בי 0 0,000000000
בך 137 0,000106852
בכ 962 0,000750302
בל 41 0,000031978
בם 380 0,000296377
במ 2865 0,002234528
בן 29 0,000022618
בנ 1584 0,001235425
בס 230 0,000179386
בע 9 0,000007019
בף 1077 0,000839995
בפ 0 0,000000000
בץ 52 0,000040557
בצ 2 0,000001560
בק 2 0,000001560
בר 44 0,000034317
בש 260 0,000202784
ב 42 0,000032757
ב 4012 0,003129119
ב‎ 1 0,000000780
ב‏ 7 0,000005460
ב 667 0,000520220
ב  291 0,000226963
גא 6843 0,005337129
גב 12 0,000009359
גג 61 0,000047576
גד 15 0,000011699
גה 398 0,000310416
גו 5834 0,004550170
גז 1 0,000000780
גח 452 0,000352533
גט 3691 0,002878758
גי 0 0,000000000
גך 362 0,000282338
גכ 966 0,000753422
גל 202 0,000157548
גם 1893 0,001476426
גמ 7229 0,005638186
גן 405 0,000315876
גנ 1163 0,000907070
גס 3068 0,002392856
גע 271 0,000211364
גף 771 0,000601334
גפ 0 0,000000000
גץ 62 0,000048356
גצ 8 0,000006240
גק 54 0,000042117
גר 1066 0,000831416
גש 9 0,000007019
ג 177 0,000138049
ג 2823 0,002201770
ג‎ 0 0,000000000
ג‏ 2 0,000001560
ג 307 0,000239442
ג  7535 0,005876848
דא 1414 0,001102835
דב 1 0,000000780
דג 49 0,000038217
דד 3 0,000002340
דה 1410 0,001099715
דו 426 0,000332254
דז 0 0,000000000
דח 3 0,000002340
דט 926 0,000722224
די 0 0,000000000
דך 123 0,000095933
דכ 1808 0,001410131
דל 28 0,000021838
דם 408 0,000318215
דמ 8165 0,006368210
דן 0 0,000000000
דנ 2010 0,001567679
דס 12 0,000009359
דע 13 0,000010139
דף 600 0,000467964
דפ 0 0,000000000
דץ 0 0,000000000
דצ 0 0,000000000
דק 68 0,000053036
דר 7 0,000005460
דש 0 0,000000000
ד 0 0,000000000
ד 0 0,000000000
ד‎ 0 0,000000000
ד‏ 0 0,000000000
ד 0 0,000000000
ד  1059 0,000825956
הא 5591 0,004360644
הב 29 0,000022618
הג 1041 0,000811917
הד 40 0,000031198
הה 74 0,000057716
הו 5812 0,004533011
הז 248 0,000193425
הח 16 0,000012479
הט 3240 0,002527006
הי 0 0,000000000
הך 376 0,000293257
הכ 801 0,000624732
הל 75 0,000058495
הם 2040 0,001591078
המ 4357 0,003398198
הן 121 0,000094373
הנ 1135 0,000885232
הס 420 0,000327575
הע 333 0,000259720
הף 1632 0,001272862
הפ 1 0,000000780
הץ 57 0,000044457
הצ 246 0,000191865
הק 52 0,000040557
הר 75 0,000058495
הש 0 0,000000000
ה 388 0,000302617
ה 879 0,000685567
ה‎ 5 0,000003900
ה‏ 35 0,000027298
ה 417 0,000325235
ה  1363 0,001063058
וא 220 0,000171587
וב 1628 0,001269742
וג 1785 0,001392193
וד 3798 0,002962212
וה 4143 0,003231291
וו 2064 0,001609796
וז 963 0,000751082
וח 1521 0,001186289
וט 147 0,000114651
וי 3115 0,002429513
וך 2105 0,001641774
וכ 6045 0,004714737
ול 5206 0,004060367
ום 9373 0,007310377
ומ 359 0,000279998
ון 1178 0,000918769
ונ 7598 0,005925984
וס 5453 0,004253013
וע 6360 0,004960418
וף 171 0,000133370
ופ 79 0,000061615
וץ 418 0,000326015
וצ 303 0,000236322
וק 1156 0,000901611
ור 1473 0,001148852
וש 994 0,000775260
ו 0 0,000000000
ו 0 0,000000000
ו‎ 1 0,000000780
ו‏ 117 0,000091253
ו 143 0,000111531
ו  22214 0,017325586
זא 1317 0,001027181
זב 22 0,000017159
זג 2 0,000001560
זד 10 0,000007799
זה 926 0,000722224
זו 4287 0,003343603
זז 11 0,000008579
זח 1 0,000000780
זט 1617 0,001261163
זי 0 0,000000000
זך 111 0,000086573
זכ 10 0,000007799
זל 2 0,000001560
זם 1502 0,001171470
זמ 106 0,000082674
זן 0 0,000000000
זנ 6 0,000004680
זס 4 0,000003120
זע 4 0,000003120
זף 320 0,000249581
זפ 0 0,000000000
זץ 0 0,000000000
זצ 0 0,000000000
זק 35 0,000027298
זר 0 0,000000000
זש 0 0,000000000
ז 74 0,000057716
ז 0 0,000000000
ז‎ 0 0,000000000
ז‏ 0 0,000000000
ז 0 0,000000000
ז  268 0,000209024
חא 6041 0,004711617
חב 205 0,000159888
חג 1159 0,000903950
חד 455 0,000354873
חה 1173 0,000914870
חו 558 0,000435206
חז 97 0,000075654
חח 19 0,000014819
חט 615 0,000479663
חי 0 0,000000000
חך 209 0,000163007
חכ 291 0,000226963
חל 658 0,000513200
חם 2179 0,001699489
חמ 1280 0,000998323
חן 0 0,000000000
חנ 441 0,000343954
חס 0 0,000000000
חע 17 0,000013259
חף 515 0,000401669
חפ 0 0,000000000
חץ 0 0,000000000
חצ 45 0,000035097
חק 15 0,000011699
חר 8 0,000006240
חש 0 0,000000000
ח 187 0,000145849
ח 484 0,000377491
ח‎ 0 0,000000000
ח‏ 9 0,000007019
ח 180 0,000140389
ח  2035 0,001587178
טא 259 0,000202004
טב 553 0,000431307
טג 2971 0,002317202
טד 673 0,000524900
טה 1975 0,001540381
טו 3257 0,002540265
טז 358 0,000279219
טח 3077 0,002399875
טט 1166 0,000909410
טי 1301 0,001014702
טך 2665 0,002078540
טכ 6139 0,004788051
טל 3415 0,002663495
טם 3672 0,002863939
טמ 558 0,000435206
טן 391 0,000304957
טנ 1724 0,001344616
טס 3819 0,002978591
טע 4877 0,003803767
טף 18 0,000014039
טפ 72 0,000056156
טץ 2244 0,001750185
טצ 1438 0,001121554
טק 1440 0,001123114
טר 1030 0,000803338
טש 198 0,000154428
ט 0 0,000000000
ט 0 0,000000000
ט‎ 3 0,000002340
ט‏ 493 0,000384510
ט 2109 0,001644893
ט  21445 0,016725812
יא 0 0,000000000
יב 0 0,000000000
יג 2 0,000001560
יד 0 0,000000000
יה 151 0,000117771
יו 8 0,000006240
יז 0 0,000000000
יח 37 0,000028858
יט 4 0,000003120
יי 0 0,000000000
יך 98 0,000076434
יכ 16 0,000012479
יל 88 0,000068635
ים 513 0,000400109
ימ 24 0,000018719
ין 3 0,000002340
ינ 5 0,000003900
יס 916 0,000714425
יע 254 0,000198105
יף 0 0,000000000
יפ 4 0,000003120
יץ 0 0,000000000
יצ 12 0,000009359
יק 144 0,000112311
יר 112 0,000087353
יש 3 0,000002340
י 0 0,000000000
י 0 0,000000000
י‎ 0 0,000000000
י‏ 1 0,000000780
י 4 0,000003120
י  9064 0,007069376
ךא 8307 0,006478961
ךב 0 0,000000000
ךג 256 0,000199665
ךד 1 0,000000780
ךה 2 0,000001560
ךו 793 0,000618492
ךז 52 0,000040557
ךח 38 0,000029638
ךט 3115 0,002429513
ךי 0 0,000000000
ךך 35 0,000027298
ךכ 815 0,000635651
ךל 1 0,000000780
ךם 375 0,000292477
ךמ 10299 0,008032601
ךן 1 0,000000780
ךנ 2177 0,001697929
ךס 950 0,000740943
ךע 1202 0,000937488
ךף 2355 0,001836759
ךפ 0 0,000000000
ךץ 0 0,000000000
ךצ 115 0,000089693
ךק 2 0,000001560
ךר 17 0,000013259
ךש 0 0,000000000
ך 0 0,000000000
ך 0 0,000000000
ך‎ 0 0,000000000
ך‏ 7 0,000005460
ך 0 0,000000000
ך  4943 0,003855243
כא 8989 0,007010880
כב 34 0,000026518
כג 25 0,000019498
כד 186 0,000145069
כה 23 0,000017939
כו 5243 0,004089225
כז 401 0,000312756
כח 55 0,000042897
כט 9077 0,007079515
כי 0 0,000000000
כך 482 0,000375931
ככ 217 0,000169247
כל 40 0,000031198
כם 518 0,000404009
כמ 8206 0,006400187
כן 20 0,000015599
כנ 0 0,000000000
כס 1427 0,001112974
כע 83 0,000064735
כף 1435 0,001119214
כפ 6 0,000004680
כץ 1 0,000000780
כצ 0 0,000000000
כק 115 0,000089693
כר 4 0,000003120
כש 5 0,000003900
כ 5291 0,004126662
כ 789 0,000615373
כ‎ 0 0,000000000
כ‏ 1020 0,000795539
כ 2170 0,001692470
כ  5315 0,004145381
לא 3243 0,002529345
לב 65 0,000050696
לג 7 0,000005460
לד 31 0,000024178
לה 0 0,000000000
לו 4816 0,003756191
לז 0 0,000000000
לח 2 0,000001560
לט 3437 0,002680653
לי 0 0,000000000
לך 167 0,000130250
לכ 245 0,000191085
לל 72 0,000056156
לם 1565 0,001220606
למ 4848 0,003781149
לן 182 0,000141949
לנ 56 0,000043677
לס 130 0,000101392
לע 2 0,000001560
לף 2529 0,001972468
לפ 27 0,000021058
לץ 24 0,000018719
לצ 7 0,000005460
לק 42 0,000032757
לר 0 0,000000000
לש 3 0,000002340
ל 57 0,000044457
ל 1531 0,001194088
ל‎ 4 0,000003120
ל‏ 0 0,000000000
ל 557 0,000434427
ל  10051 0,007839177
םא 13172 0,010273369
םב 2 0,000001560
םג 25 0,000019498
םד 88 0,000068635
םה 269 0,000209804
םו 12339 0,009623679
םז 23 0,000017939
םח 50 0,000038997
םט 10665 0,008318059
םי 0 0,000000000
םך 420 0,000327575
םכ 1 0,000000780
םל 2 0,000001560
םם 3735 0,002913076
םמ 11067 0,008631595
םן 4 0,000003120
םנ 230 0,000179386
םס 613 0,000478103
םע 2241 0,001747845
םף 2933 0,002287564
םפ 87 0,000067855
םץ 7 0,000005460
םצ 293 0,000228522
םק 197 0,000153648
םר 10 0,000007799
םש 85 0,000066295
ם 850 0,000662949
ם 3616 0,002820263
ם‎ 0 0,000000000
ם‏ 173 0,000134930
ם 1611 0,001256483
ם  3303 0,002576142
מא 13 0,000010139
מב 4479 0,003493351
מג 8082 0,006303475
מד 6283 0,004900363
מה 5621 0,004384042
מו 2490 0,001942050
מז 2565 0,002000546
מח 2065 0,001610576
מט 1075 0,000838435
מי 4586 0,003576805
מך 2548 0,001987287
מכ 8145 0,006352611
מל 7203 0,005617907
מם 8730 0,006808876
ממ 357 0,000278439
מן 2135 0,001665172
מנ 6020 0,004695239
מס 8195 0,006391608
מע 9049 0,007057677
מף 87 0,000067855
מפ 135 0,000105292
מץ 682 0,000531919
מצ 154 0,000120111
מק 2352 0,001834419
מר 872 0,000680108
מש 425 0,000331474
מ 0 0,000000000
מ 0 0,000000000
מ‎ 34 0,000026518
מ‏ 134 0,000104512
מ 817 0,000637211
מ  28642 0,022339040
ןא 1723 0,001343837
ןב 0 0,000000000
ןג 0 0,000000000
ןד 0 0,000000000
ןה 0 0,000000000
ןו 2976 0,002321101
ןז 0 0,000000000
ןח 0 0,000000000
ןט 1186 0,000925009
ןי 0 0,000000000
ןך 154 0,000120111
ןכ 1079 0,000841555
ןל 0 0,000000000
ןם 194 0,000151308
ןמ 12093 0,009431814
ןן 83 0,000064735
ןנ 8861 0,006911048
ןס 244 0,000190305
ןע 159 0,000124010
ןף 1041 0,000811917
ןפ 1 0,000000780
ןץ 0 0,000000000
ןצ 0 0,000000000
ןק 14 0,000010919
ןר 6 0,000004680
ןש 1 0,000000780
ן 57 0,000044457
ן 632 0,000492922
ן‎ 0 0,000000000
ן‏ 6 0,000004680
ן 202 0,000157548
ן  135 0,000105292
נא 9558 0,007454666
נב 60 0,000046796
נג 456 0,000355653
נד 247 0,000192645
נה 197 0,000153648
נו 8859 0,006909488
נז 418 0,000326015
נח 44 0,000034317
נט 5873 0,004580587
ני 0 0,000000000
נך 362 0,000282338
נכ 154 0,000120111
נל 391 0,000304957
נם 1314 0,001024841
נמ 10068 0,007852435
נן 111 0,000086573
ננ 128 0,000099832
נס 274 0,000213704
נע 724 0,000564677
נף 2890 0,002254026
נפ 8 0,000006240
נץ 262 0,000204344
נצ 54 0,000042117
נק 111 0,000086573
נר 199 0,000155208
נש 38 0,000029638
נ 664 0,000517880
נ 1795 0,001399992
נ‎ 20 0,000015599
נ‏ 140 0,000109192
נ 1298 0,001012362
נ  899 0,000701166
סא 1829 0,001426510
סב 74 0,000057716
סג 1670 0,001302500
סד 56 0,000043677
סה 291 0,000226963
סו 3934 0,003068284
סז 34 0,000026518
סח 7 0,000005460
סט 1872 0,001460048
סי 0 0,000000000
סך 3640 0,002838981
סכ 4003 0,003122100
סל 1045 0,000815037
סם 1303 0,001016262
סמ 3157 0,002462270
סן 2558 0,001995086
סנ 357 0,000278439
סס 771 0,000601334
סע 13873 0,010820107
סף 810 0,000631751
ספ 68 0,000053036
סץ 231 0,000180166
סצ 79 0,000061615
סק 405 0,000315876
סר 90 0,000070195
סש 2 0,000001560
ס 4349 0,003391959
ס 454 0,000354093
ס‎ 8 0,000006240
ס‏ 215 0,000167687
ס 5086 0,003966774
ס  3964 0,003091682
עא 6863 0,005352728
עב 557 0,000434427
עג 3027 0,002360878
עד 16 0,000012479
עה 179 0,000139609
עו 6165 0,004808330
עז 3 0,000002340
עח 4 0,000003120
עט 4699 0,003664938
עי 0 0,000000000
עך 905 0,000705846
עכ 258 0,000201225
על 98 0,000076434
עם 1554 0,001212027
עמ 19053 0,014860196
ען 186 0,000145069
ענ 5240 0,004086885
עס 1591 0,001240884
עע 97 0,000075654
עף 1661 0,001295480
עפ 7 0,000005460
עץ 24 0,000018719
עצ 68 0,000053036
עק 227 0,000177046
ער 18 0,000014039
עש 34 0,000026518
ע 7778 0,006066373
ע 2359 0,001839878
ע‎ 1 0,000000780
ע‏ 47 0,000036657
ע 670 0,000522560
ע  7077 0,005519635
ףא 125 0,000097492
ףב 617 0,000481223
ףג 891 0,000694926
ףד 1269 0,000989744
ףה 1994 0,001555200
ףו 299 0,000233202
ףז 1632 0,001272862
ףח 345 0,000269079
ףט 504 0,000393090
ףי 122 0,000095153
ףך 980 0,000764341
ףכ 1718 0,001339937
ףל 1082 0,000843895
ףם 406 0,000316656
ףמ 11 0,000008579
ףן 806 0,000628632
ףנ 989 0,000771361
ףס 1503 0,001172250
ףע 2017 0,001573139
ףף 5 0,000003900
ףפ 24 0,000018719
ףץ 432 0,000336934
ףצ 11 0,000008579
ףק 1117 0,000871193
ףר 840 0,000655150
ףש 631 0,000492142
ף 0 0,000000000
ף 0 0,000000000
ף‎ 23 0,000017939
ף‏ 1380 0,001076317
ף 110 0,000085793
ף  6928 0,005403424
פא 253 0,000197325
פב 0 0,000000000
פג 0 0,000000000
פד 0 0,000000000
פה 0 0,000000000
פו 160 0,000124790
פז 0 0,000000000
פח 0 0,000000000
פט 388 0,000302617
פי 0 0,000000000
פך 0 0,000000000
פכ 53 0,000041337
פל 1 0,000000780
פם 4 0,000003120
פמ 541 0,000421948
פן 0 0,000000000
פנ 96 0,000074874
פס 4 0,000003120
פע 14 0,000010919
פף 111 0,000086573
פפ 24 0,000018719
פץ 0 0,000000000
פצ 0 0,000000000
פק 0 0,000000000
פר 1 0,000000780
פש 0 0,000000000
פ 1 0,000000780
פ 22 0,000017159
פ‎ 1 0,000000780
פ‏ 0 0,000000000
פ 0 0,000000000
פ  138 0,000107632
ץא 353 0,000275319
ץב 0 0,000000000
ץג 214 0,000166907
ץד 3 0,000002340
ץה 2 0,000001560
ץו 95 0,000074094
ץז 0 0,000000000
ץח 1 0,000000780
ץט 215 0,000167687
ץי 0 0,000000000
ץך 1 0,000000780
ץכ 152 0,000118551
ץל 58 0,000045237
ץם 242 0,000188745
ץמ 2782 0,002169793
ץן 0 0,000000000
ץנ 177 0,000138049
ץס 109 0,000085013
ץע 28 0,000021838
ץף 153 0,000119331
ץפ 0 0,000000000
ץץ 0 0,000000000
ץצ 0 0,000000000
ץק 0 0,000000000
ץר 18 0,000014039
ץש 0 0,000000000
ץ 0 0,000000000
ץ 0 0,000000000
ץ‎ 1 0,000000780
ץ‏ 0 0,000000000
ץ 0 0,000000000
ץ  4410 0,003439535
צא 699 0,000545178
צב 2 0,000001560
צג 95 0,000074094
צד 0 0,000000000
צה 3 0,000002340
צו 1056 0,000823617
צז 0 0,000000000
צח 0 0,000000000
צט 1202 0,000937488
צי 0 0,000000000
צך 19 0,000014819
צכ 0 0,000000000
צל 0 0,000000000
צם 1 0,000000780
צמ 213 0,000166127
צן 0 0,000000000
צנ 0 0,000000000
צס 2 0,000001560
צע 0 0,000000000
צף 178 0,000138829
צפ 0 0,000000000
צץ 0 0,000000000
צצ 0 0,000000000
צק 0 0,000000000
צר 0 0,000000000
צש 0 0,000000000
צ 0 0,000000000
צ 259 0,000202004
צ‎ 0 0,000000000
צ‏ 0 0,000000000
צ 0 0,000000000
צ  285 0,000222283
קא 2172 0,001694030
קב 0 0,000000000
קג 15 0,000011699
קד 0 0,000000000
קה 0 0,000000000
קו 4626 0,003608002
קז 0 0,000000000
קח 0 0,000000000
קט 1815 0,001415591
קי 0 0,000000000
קך 441 0,000343954
קכ 94 0,000073314
קל 0 0,000000000
קם 1191 0,000928908
קמ 88 0,000068635
קן 0 0,000000000
קנ 22 0,000017159
קס 0 0,000000000
קע 5061 0,003947276
קף 800 0,000623952
קפ 0 0,000000000
קץ 0 0,000000000
קצ 1 0,000000780
קק 0 0,000000000
קר 123 0,000095933
קש 0 0,000000000
ק 325 0,000253480
ק 0 0,000000000
ק‎ 0 0,000000000
ק‏ 0 0,000000000
ק 0 0,000000000
ק  58 0,000045237
רא 836 0,000652030
רב 0 0,000000000
רג 43 0,000033537
רד 0 0,000000000
רה 0 0,000000000
רו 2361 0,001841438
רז 0 0,000000000
רח 0 0,000000000
רט 1779 0,001387513
רי 0 0,000000000
רך 788 0,000614593
רכ 665 0,000518660
רל 31 0,000024178
רם 451 0,000351753
רמ 191 0,000148969
רן 30 0,000023398
רנ 11 0,000008579
רס 0 0,000000000
רע 102 0,000079554
רף 209 0,000163007
רפ 1 0,000000780
רץ 0 0,000000000
רצ 8 0,000006240
רק 0 0,000000000
רר 0 0,000000000
רש 0 0,000000000
ר 1502 0,001171470
ר 0 0,000000000
ר‎ 0 0,000000000
ר‏ 1 0,000000780
ר 0 0,000000000
ר  43 0,000033537
שא 558 0,000435206
שב 0 0,000000000
שג 0 0,000000000
שד 0 0,000000000
שה 1 0,000000780
שו 2257 0,001760324
שז 0 0,000000000
שח 0 0,000000000
שט 1301 0,001014702
שי 0 0,000000000
שך 0 0,000000000
שכ 0 0,000000000
של 0 0,000000000
שם 90 0,000070195
שמ 4 0,000003120
שן 0 0,000000000
שנ 18 0,000014039
שס 0 0,000000000
שע 0 0,000000000
שף 339 0,000264400
שפ 0 0,000000000
שץ 0 0,000000000
שצ 0 0,000000000
שק 0 0,000000000
שר 0 0,000000000
שש 0 0,000000000
ש 46 0,000035877
ש 0 0,000000000
ש‎ 0 0,000000000
ש‏ 0 0,000000000
ש 0 0,000000000
ש  6 0,000004680
א 0 0,000000000
ב 49 0,000038217
ג 6 0,000004680
ד 13 0,000010139
ה 31 0,000024178
ו 297 0,000231642
ז 0 0,000000000
ח 193 0,000150528
ט 55 0,000042897
י 0 0,000000000
ך 1079 0,000841555
כ 0 0,000000000
ל 175 0,000136489
ם 1682 0,001311859
מ 8 0,000006240
ן 12 0,000009359
נ 0 0,000000000
ס 1611 0,001256483
ע 99 0,000077214
ף 0 0,000000000
פ 16 0,000012479
ץ 0 0,000000000
צ 91 0,000070975
ק 25 0,000019498
ר 812 0,000633311
ש 7 0,000005460
 0 0,000000000
 0 0,000000000
‎ 0 0,000000000
‏ 550 0,000428967
 236 0,000184066
  14746 0,011500995
תא 0 0,000000000
תב 0 0,000000000
תג 0 0,000000000
תד 0 0,000000000
תה 1 0,000000780
תו 103 0,000080334
תז 0 0,000000000
תח 0 0,000000000
תט 0 0,000000000
תי 0 0,000000000
תך 0 0,000000000
תכ 0 0,000000000
תל 0 0,000000000
תם 0 0,000000000
תמ 0 0,000000000
תן 0 0,000000000
תנ 0 0,000000000
תס 0 0,000000000
תע 1 0,000000780
תף 0 0,000000000
תפ 0 0,000000000
תץ 1 0,000000780
תצ 0 0,000000000
תק 0 0,000000000
תר 0 0,000000000
תש 0 0,000000000
ת 0 0,000000000
ת 0 0,000000000
ת‎ 0 0,000000000
ת‏ 1 0,000000780
ת 77 0,000060055
ת  4 0,000003120
א 0 0,000000000
ב 287 0,000223843
ג 1423 0,001109855
ד 213 0,000166127
ה 203 0,000158328
ו 1621 0,001264283
ז 80 0,000062395
ח 110 0,000085793
ט 11 0,000008579
י 1692 0,001319658
ך 207 0,000161448
כ 2050 0,001598877
ל 1863 0,001453028
ם 125 0,000097492
מ 0 0,000000000
ן 188 0,000146629
נ 348 0,000271419
ס 882 0,000687907
ע 1125 0,000877432
ף 11 0,000008579
פ 0 0,000000000
ץ 1455 0,001134813
צ 3 0,000002340
ק 171 0,000133370
ר 525 0,000409468
ש 18 0,000014039
 0 0,000000000
 0 0,000000000
‎ 0 0,000000000
‏ 0 0,000000000
 33 0,000025738
  6459 0,005037632
‎א 0 0,000000000
‎ב 1 0,000000780
‎ג 29 0,000022618
‎ד 5 0,000003900
‎ה 33 0,000025738
‎ו 0 0,000000000
‎ז 0 0,000000000
‎ח 3 0,000002340
‎ט 0 0,000000000
‎י 5 0,000003900
‎ך 488 0,000380611
‎כ 49 0,000038217
‎ל 33 0,000025738
‎ם 47 0,000036657
‎מ 0 0,000000000
‎ן 23 0,000017939
‎נ 21 0,000016379
‎ס 7 0,000005460
‎ע 3419 0,002666615
‎ף 1 0,000000780
‎פ 30 0,000023398
‎ץ 18 0,000014039
‎צ 0 0,000000000
‎ק 0 0,000000000
‎ר 1 0,000000780
‎ש 0 0,000000000
‎ 0 0,000000000
‎ 0 0,000000000
‎‎ 0 0,000000000
‎‏ 0 0,000000000
‎ 0 0,000000000
‎  2 0,000001560
‏א 3 0,000002340
‏ב 233 0,000181726
‏ג 7 0,000005460
‏ד 12 0,000009359
‏ה 462 0,000360332
‏ו 3 0,000002340
‏ז 302 0,000235542
‏ח 92 0,000071754
‏ט 1 0,000000780
‏י 10 0,000007799
‏ך 73 0,000056936
‏כ 5 0,000003900
‏ל 43 0,000033537
‏ם 36 0,000028078
‏מ 2 0,000001560
‏ן 4 0,000003120
‏נ 43 0,000033537
‏ס 124 0,000096713
‏ע 524 0,000408689
‏ף 0 0,000000000
‏פ 0 0,000000000
‏ץ 12 0,000009359
‏צ 21 0,000016379
‏ק 169 0,000131810
‏ר 17 0,000013259
‏ש 986 0,000769021
‏ 0 0,000000000
‏ 0 0,000000000
‏‎ 0 0,000000000
‏‏ 34 0,000026518
‏ 0 0,000000000
‏  2936 0,002289904
א 0 0,000000000
ב 25 0,000019498
ג 397 0,000309636
ד 115 0,000089693
ה 783 0,000610693
ו 236 0,000184066
ז 157 0,000122451
ח 314 0,000244901
ט 8 0,000006240
י 23 0,000017939
ך 594 0,000463284
כ 966 0,000753422
ל 563 0,000439106
ם 607 0,000473424
מ 0 0,000000000
ן 16 0,000012479
נ 95 0,000074094
ס 578 0,000450805
ע 1288 0,001004563
ף 1 0,000000780
פ 0 0,000000000
ץ 228 0,000177826
צ 88 0,000068635
ק 115 0,000089693
ר 14 0,000010919
ש 412 0,000321335
 0 0,000000000
 0 0,000000000
‎ 0 0,000000000
‏ 166 0,000129470
 113 0,000088133
  13848 0,010800608
 א 2180 0,001700269
 ב 7550 0,005888546
 ג 18356 0,014316577
 ד 4181 0,003260929
 ה 8383 0,006538237
 ו 4609 0,003594743
 ז 1736 0,001353976
 ח 6586 0,005136685
 ט 12588 0,009817884
 י 3 0,000002340
 ך 11110 0,008665132
 כ 3691 0,002878758
 ל 7649 0,005965760
 ם 20803 0,016225090
 מ 14479 0,011292750
 ן 21292 0,016606482
 נ 4839 0,003774129
 ס 19210 0,014982646
 ע 11496 0,008966190
 ף 5198 0,004054128
 פ 821 0,000640331
 ץ 1611 0,001256483
 צ 557 0,000434427
 ק 7690 0,005997738
 ר 832 0,000648910
 ש 60 0,000046796
  1 0,000000780
  2 0,000001560
 ‎ 4104 0,003200873
 ‏ 307 0,000239442
  2371 0,001849238
   0 0,000000000
