1 2 1077854 0
אא 234 0,000217098
אב 1843 0,001709879
אג 5342 0,004956144
אד 1341 0,001244139
אה 3042 0,002822275
או 2490 0,002310146
אז 1655 0,001535458
אח 4603 0,004270523
אט 1478 0,001371243
אי 598 0,000554806
אך 6347 0,005888552
אכ 10236 0,009496648
אל 4495 0,004170324
אם 7186 0,006666951
אמ 1601 0,001485359
אן 3367 0,003123800
אנ 2778 0,002577343
אס 6872 0,006375632
אע 6716 0,006230900
אף 1221 0,001132807
אפ 532 0,000493573
אץ 1329 0,001233006
אצ 454 0,000421207
אק 1805 0,001674624
אר 916 0,000849837
אש 452 0,000419352
א 0 0,000000000
א 0 0,000000000
א‎ 433 0,000401724
א‏ 1317 0,001221872
א 2990 0,002774031
א  0 0,000000000
בא 968 0,000898081
בב 6 0,000005567
בג 57 0,000052883
בד 8 0,000007422
בה 22 0,000020411
בו 2227 0,002066143
בז 24 0,000022266
בח 11 0,000010205
בט 1792 0,001662563
בי 0 0,000000000
בך 145 0,000134527
בכ 968 0,000898081
בל 47 0,000043605
בם 390 0,000361830
במ 2916 0,002705376
בן 39 0,000036183
בנ 1593 0,001477937
בס 239 0,000221737
בע 18 0,000016700
בף 1095 0,001015908
בפ 0 0,000000000
בץ 52 0,000048244
בצ 2 0,000001856
בק 4 0,000003711
בר 44 0,000040822
בש 260 0,000241220
ב 42 0,000038966
ב 4012 0,003722211
ב‎ 100 0,000092777
ב‏ 7 0,000006494
ב 668 0,000619750
ב  0 0,000000000
גא 6903 0,006404392
גב 280 0,000259775
גג 444 0,000411930
גד 363 0,000336780
גה 737 0,000683766
גו 5973 0,005541567
גז 49 0,000045461
גח 778 0,000721805
גט 3894 0,003612734
גי 0 0,000000000
גך 972 0,000901792
גכ 1134 0,001052091
גל 457 0,000423991
גם 2455 0,002277674
גמ 7558 0,007012081
גן 1107 0,001027041
גנ 1367 0,001268261
גס 3788 0,003514391
גע 862 0,000799737
גף 893 0,000828498
גפ 43 0,000039894
גץ 131 0,000121538
גצ 81 0,000075149
גק 215 0,000199470
גר 1118 0,001037246
גש 13 0,000012061
ג 177 0,000164215
ג 2784 0,002582910
ג‎ 279 0,000258848
ג‏ 102 0,000094632
ג 350 0,000324719
ג  0 0,000000000
דא 1424 0,001321144
דב 62 0,000057522
דג 130 0,000120610
דד 18 0,000016700
דה 1460 0,001354543
דו 437 0,000405435
דז 3 0,000002783
דח 37 0,000034327
דט 992 0,000920347
די 0 0,000000000
דך 175 0,000162360
דכ 1814 0,001682974
דל 53 0,000049172
דם 524 0,000486151
דמ 8260 0,007663376
דן 147 0,000136382
דנ 2034 0,001887083
דס 123 0,000114116
דע 57 0,000052883
דף 639 0,000592845
דפ 1 0,000000928
דץ 5 0,000004639
דצ 0 0,000000000
דק 84 0,000077933
דר 10 0,000009278
דש 1 0,000000928
ד 0 0,000000000
ד 0 0,000000000
ד‎ 14 0,000012989
ד‏ 1 0,000000928
ד 13 0,000012061
ד  0 0,000000000
הא 5603 0,005198292
הב 65 0,000060305
הג 1135 0,001053018
הד 98 0,000090921
הה 126 0,000116899
הו 5835 0,005413535
הז 257 0,000238437
הח 60 0,000055666
הט 3295 0,003057000
הי 0 0,000000000
הך 474 0,000439763
הכ 846 0,000784893
הל 106 0,000098344
הם 2222 0,002061504
המ 4411 0,004092391
הן 242 0,000224520
הנ 1159 0,001075285
הס 574 0,000532540
הע 418 0,000387808
הף 1662 0,001541953
הפ 10 0,000009278
הץ 60 0,000055666
הצ 248 0,000230087
הק 95 0,000088138
הר 84 0,000077933
הש 0 0,000000000
ה 388 0,000359975
ה 876 0,000812726
ה‎ 33 0,000030616
ה‏ 37 0,000034327
ה 428 0,000397085
ה  0 0,000000000
וא 414 0,000384097
וב 2684 0,002490133
וג 3767 0,003494907
וד 4077 0,003782516
וה 5027 0,004663897
וו 2488 0,002308290
וז 1208 0,001120745
וח 2360 0,002189536
וט 1459 0,001353616
וי 3096 0,002872374
וך 3049 0,002828769
וכ 6347 0,005888552
ול 6117 0,005675165
ום 11473 0,010644299
ומ 1909 0,001771112
ון 3669 0,003403986
ונ 8159 0,007569671
וס 7571 0,007024142
וע 7600 0,007051048
וף 812 0,000753349
ופ 165 0,000153082
וץ 731 0,000678199
וצ 355 0,000329358
וק 1971 0,001828634
ור 1555 0,001442682
וש 895 0,000830354
ו 0 0,000000000
ו 0 0,000000000
ו‎ 413 0,000383169
ו‏ 129 0,000119682
ו 352 0,000326575
ו  0 0,000000000
זא 1320 0,001224656
זב 34 0,000031544
זג 18 0,000016700
זד 15 0,000013917
זה 935 0,000867464
זו 4292 0,003981987
זז 11 0,000010205
זח 8 0,000007422
זט 1643 0,001524325
זי 0 0,000000000
זך 117 0,000108549
זכ 17 0,000015772
זל 11 0,000010205
זם 1551 0,001438970
זמ 127 0,000117827
זן 18 0,000016700
זנ 8 0,000007422
זס 21 0,000019483
זע 25 0,000023194
זף 328 0,000304308
זפ 0 0,000000000
זץ 5 0,000004639
זצ 0 0,000000000
זק 40 0,000037111
זר 0 0,000000000
זש 0 0,000000000
ז 74 0,000068655
ז 0 0,000000000
ז‎ 9 0,000008350
ז‏ 0 0,000000000
ז 8 0,000007422
ז  0 0,000000000
חא 5927 0,005498889
חב 264 0,000244931
חג 1304 0,001209811
חד 527 0,000488935
חה 1279 0,001186617
חו 582 0,000539962
חז 112 0,000103910
חח 185 0,000171637
חט 675 0,000626244
חי 0 0,000000000
חך 355 0,000329358
חכ 319 0,000295958
חל 734 0,000680983
חם 2387 0,002214586
חמ 1362 0,001263622
חן 221 0,000205037
חנ 511 0,000474090
חס 184 0,000170710
חע 134 0,000124321
חף 564 0,000523262
חפ 12 0,000011133
חץ 7 0,000006494
חצ 52 0,000048244
חק 56 0,000051955
חר 23 0,000021339
חש 0 0,000000000
ח 187 0,000173493
ח 484 0,000449040
ח‎ 51 0,000047316
ח‏ 15 0,000013917
ח 196 0,000181843
ח  0 0,000000000
טא 506 0,000469451
טב 1372 0,001272900
טג 4985 0,004624931
טד 1083 0,001004774
טה 2809 0,002606104
טו 3692 0,003425325
טז 518 0,000480585
טח 3476 0,003224927
טט 2545 0,002361173
טי 1301 0,001207028
טך 3786 0,003512535
טכ 6383 0,005921952
טל 4075 0,003780660
טם 5760 0,005343952
טמ 2151 0,001995632
טן 2642 0,002451167
טנ 2245 0,002082842
טס 5715 0,005302202
טע 5962 0,005531361
טף 549 0,000509345
טפ 158 0,000146588
טץ 2361 0,002190464
טצ 1498 0,001389799
טק 2051 0,001902855
טר 1118 0,001037246
טש 204 0,000189265
ט 0 0,000000000
ט 0 0,000000000
ט‎ 376 0,000348841
ט‏ 505 0,000468524
ט 2361 0,002190464
ט  0 0,000000000
יא 160 0,000148443
יב 294 0,000272764
יג 760 0,000705105
יד 213 0,000197615
יה 573 0,000531612
יו 125 0,000115971
יז 115 0,000106693
יח 320 0,000296886
יט 604 0,000560373
יי 0 0,000000000
יך 649 0,000602122
יכ 214 0,000198543
יל 516 0,000478729
ים 1161 0,001077140
ימ 574 0,000532540
ין 978 0,000907359
ינ 342 0,000317297
יס 1796 0,001666274
יע 769 0,000713455
יף 205 0,000190193
יפ 75 0,000069583
יץ 78 0,000072366
יצ 53 0,000049172
יק 391 0,000362758
יר 179 0,000166071
יש 6 0,000005567
י 0 0,000000000
י 0 0,000000000
י‎ 212 0,000196687
י‏ 11 0,000010205
י 90 0,000083499
י  0 0,000000000
ךא 8303 0,007703270
ךב 266 0,000246787
ךג 605 0,000561300
ךד 131 0,000121538
ךה 176 0,000163287
ךו 885 0,000821076
ךז 116 0,000107621
ךח 159 0,000147515
ךט 3492 0,003239771
ךי 0 0,000000000
ךך 260 0,000241220
ךכ 899 0,000834065
ךל 262 0,000243076
ךם 855 0,000793243
ךמ 10540 0,009778690
ךן 403 0,000373891
ךנ 2281 0,002116242
ךס 1342 0,001245067
ךע 1551 0,001438970
ךף 2448 0,002271180
ךפ 14 0,000012989
ךץ 25 0,000023194
ךצ 126 0,000116899
ךק 259 0,000240292
ךר 36 0,000033400
ךש 0 0,000000000
ך 0 0,000000000
ך 0 0,000000000
ך‎ 120 0,000111332
ך‏ 17 0,000015772
ך 62 0,000057522
ך  0 0,000000000
כא 9016 0,008364770
כב 213 0,000197615
כג 491 0,000455535
כד 331 0,000307092
כה 200 0,000185554
כו 5483 0,005086960
כז 425 0,000394302
כח 193 0,000179059
כט 9285 0,008614339
כי 0 0,000000000
כך 838 0,000777471
ככ 317 0,000294103
כל 209 0,000193904
כם 1050 0,000974158
כמ 8651 0,008026133
כן 503 0,000466668
כנ 104 0,000096488
כס 1906 0,001768329
כע 296 0,000274620
כף 1544 0,001432476
כפ 24 0,000022266
כץ 39 0,000036183
כצ 13 0,000012061
כק 514 0,000476873
כר 28 0,000025978
כש 8 0,000007422
כ 5292 0,004909756
כ 789 0,000732010
כ‎ 99 0,000091849
כ‏ 1017 0,000943542
כ 2199 0,002040165
כ  0 0,000000000
לא 3319 0,003079267
לב 410 0,000380385
לג 788 0,000731082
לד 259 0,000240292
לה 506 0,000469451
לו 4878 0,004525659
לז 99 0,000091849
לח 254 0,000235653
לט 4114 0,003816843
לי 0 0,000000000
לך 730 0,000677272
לכ 415 0,000385024
לל 457 0,000423991
לם 2463 0,002285096
למ 5473 0,005077682
לן 1311 0,001216306
לנ 265 0,000245859
לס 1123 0,001041885
לע 564 0,000523262
לף 2780 0,002579199
לפ 70 0,000064944
לץ 90 0,000083499
לצ 28 0,000025978
לק 508 0,000471307
לר 38 0,000035255
לש 6 0,000005567
ל 57 0,000052883
ל 1493 0,001385160
ל‎ 124 0,000115043
ל‏ 15 0,000013917
ל 680 0,000630883
ל  0 0,000000000
םא 13112 0,012164913
םב 169 0,000156793
םג 349 0,000323792
םד 123 0,000114116
םה 406 0,000376674
םו 12179 0,011299304
םז 41 0,000038039
םח 196 0,000181843
םט 10885 0,010098770
םי 0 0,000000000
םך 527 0,000488935
םכ 38 0,000035255
םל 84 0,000077933
םם 4095 0,003799216
םמ 11259 0,010445756
םן 466 0,000432341
םנ 311 0,000288536
םס 930 0,000862826
םע 2360 0,002189536
םף 3091 0,002867735
םפ 89 0,000082571
םץ 35 0,000032472
םצ 298 0,000276475
םק 285 0,000264414
םר 22 0,000020411
םש 85 0,000078860
ם 850 0,000788604
ם 3616 0,003354814
ם‎ 35 0,000032472
ם‏ 174 0,000161432
ם 1641 0,001522470
ם  0 0,000000000
מא 203 0,000188337
מב 5476 0,005080465
מג 10830 0,010047743
מד 6692 0,006208633
מה 6630 0,006151111
מו 3207 0,002975357
מז 2853 0,002646926
מח 2972 0,002757331
מט 2457 0,002279530
מי 4587 0,004255679
מך 3873 0,003593251
מכ 8734 0,008103138
מל 8291 0,007692136
מם 10669 0,009898372
ממ 2471 0,002292518
מן 5022 0,004659258
מנ 6576 0,006101012
מס 10745 0,009968882
מע 10665 0,009894661
מף 775 0,000719021
מפ 226 0,000209676
מץ 871 0,000808087
מצ 211 0,000195759
מק 3456 0,003206371
מר 950 0,000881381
מש 391 0,000362758
מ 0 0,000000000
מ 0 0,000000000
מ‎ 636 0,000590061
מ‏ 161 0,000149371
מ 1231 0,001142084
מ  0 0,000000000
ןא 1724 0,001599474
ןב 4 0,000003711
ןג 5 0,000004639
ןד 0 0,000000000
ןה 4 0,000003711
ןו 2977 0,002761970
ןז 0 0,000000000
ןח 1 0,000000928
ןט 1193 0,001106829
ןי 0 0,000000000
ןך 168 0,000155865
ןכ 1078 0,001000135
ןל 3 0,000002783
ןם 204 0,000189265
ןמ 12095 0,011221372
ןן 121 0,000112260
ןנ 8860 0,008220037
ןס 250 0,000231942
ןע 162 0,000150299
ןף 1045 0,000969519
ןפ 2 0,000001856
ןץ 0 0,000000000
ןצ 0 0,000000000
ןק 16 0,000014844
ןר 6 0,000005567
ןש 1 0,000000928
ן 57 0,000052883
ן 632 0,000586350
ן‎ 0 0,000000000
ן‏ 7 0,000006494
ן 202 0,000187409
ן  0 0,000000000
נא 9564 0,008873187
נב 84 0,000077933
נג 539 0,000500068
נד 261 0,000242148
נה 220 0,000204109
נו 8863 0,008222820
נז 425 0,000394302
נח 68 0,000063088
נט 5960 0,005529506
ני 0 0,000000000
נך 423 0,000392446
נכ 162 0,000150299
נל 415 0,000385024
נם 1421 0,001318360
נמ 10124 0,009392737
נן 209 0,000193904
ננ 156 0,000144732
נס 352 0,000326575
נע 769 0,000713455
נף 2915 0,002704448
נפ 13 0,000012061
נץ 271 0,000251426
נצ 56 0,000051955
נק 130 0,000120610
נר 203 0,000188337
נש 39 0,000036183
נ 664 0,000616039
נ 1795 0,001665346
נ‎ 32 0,000029689
נ‏ 145 0,000134527
נ 1312 0,001217233
נ  0 0,000000000
סא 1854 0,001720085
סב 217 0,000201326
סג 1913 0,001774823
סד 161 0,000149371
סה 454 0,000421207
סו 4028 0,003737055
סז 47 0,000043605
סח 94 0,000087210
סט 2028 0,001881516
סי 0 0,000000000
סך 3858 0,003579335
סכ 4062 0,003768599
סל 1170 0,001085490
סם 1814 0,001682974
סמ 3321 0,003081122
סן 2941 0,002728570
סנ 457 0,000423991
סס 1074 0,000996424
סע 14147 0,013125154
סף 955 0,000886020
ספ 81 0,000075149
סץ 259 0,000240292
סצ 90 0,000083499
סק 525 0,000487079
סר 115 0,000106693
סש 3 0,000002783
ס 4348 0,004033941
ס 451 0,000418424
ס‎ 133 0,000123393
ס‏ 220 0,000204109
ס 5114 0,004744613
ס  0 0,000000000
עא 6861 0,006365426
עב 807 0,000748710
עג 3663 0,003398419
עד 147 0,000136382
עה 459 0,000425846
עו 6230 0,005780003
עז 108 0,000100199
עח 173 0,000160504
עט 5115 0,004745541
עי 0 0,000000000
עך 1269 0,001177339
עכ 456 0,000423063
על 361 0,000334925
עם 2301 0,002134797
עמ 19452 0,018046971
ען 824 0,000764482
ענ 5373 0,004984905
עס 2232 0,002070781
עע 524 0,000486151
עף 1851 0,001717301
עפ 45 0,000041750
עץ 51 0,000047316
עצ 85 0,000078860
עק 521 0,000483368
ער 36 0,000033400
עש 33 0,000030616
ע 7777 0,007215263
ע 2327 0,002158920
ע‎ 165 0,000153082
ע‏ 60 0,000055666
ע 733 0,000680055
ע  0 0,000000000
ףא 227 0,000210604
ףב 802 0,000744071
ףג 1434 0,001330421
ףד 1377 0,001277538
ףה 2239 0,002077276
ףו 383 0,000355336
ףז 1682 0,001560508
ףח 489 0,000453679
ףט 1055 0,000978797
ףי 119 0,000110405
ףך 1336 0,001239500
ףכ 1838 0,001705240
ףל 1372 0,001272900
ףם 1357 0,001258983
ףמ 460 0,000426774
ףן 1412 0,001310010
ףנ 1123 0,001041885
ףס 2060 0,001911205
ףע 2385 0,002212730
ףף 141 0,000130815
ףפ 37 0,000034327
ףץ 497 0,000461101
ףצ 21 0,000019483
ףק 1633 0,001515048
ףר 851 0,000789532
ףש 631 0,000585423
ף 0 0,000000000
ף 0 0,000000000
ף‎ 117 0,000108549
ף‏ 1384 0,001284033
ף 215 0,000199470
ף  0 0,000000000
פא 256 0,000237509
פב 5 0,000004639
פג 8 0,000007422
פד 1 0,000000928
פה 5 0,000004639
פו 161 0,000149371
פז 0 0,000000000
פח 6 0,000005567
פט 399 0,000370180
פי 0 0,000000000
פך 9 0,000008350
פכ 54 0,000050100
פל 4 0,000003711
פם 23 0,000021339
פמ 549 0,000509345
פן 23 0,000021339
פנ 96 0,000089066
פס 22 0,000020411
פע 19 0,000017628
פף 116 0,000107621
פפ 26 0,000024122
פץ 1 0,000000928
פצ 0 0,000000000
פק 0 0,000000000
פר 2 0,000001856
פש 0 0,000000000
פ 1 0,000000928
פ 21 0,000019483
פ‎ 1 0,000000928
פ‏ 0 0,000000000
פ 2 0,000001856
פ  0 0,000000000
ץא 400 0,000371108
ץב 141 0,000130815
ץג 590 0,000547384
ץד 83 0,000077005
ץה 235 0,000218026
ץו 151 0,000140093
ץז 37 0,000034327
ץח 137 0,000127104
ץט 497 0,000461101
ץי 0 0,000000000
ץך 302 0,000280186
ץכ 252 0,000233798
ץל 242 0,000224520
ץם 603 0,000559445
ץמ 3040 0,002820419
ץן 562 0,000521406
ץנ 302 0,000280186
ץס 557 0,000516768
ץע 228 0,000211531
ץף 261 0,000242148
ץפ 40 0,000037111
ץץ 26 0,000024122
ץצ 20 0,000018555
ץק 112 0,000103910
ץר 45 0,000041750
ץש 1 0,000000928
ץ 0 0,000000000
ץ 0 0,000000000
ץ‎ 72 0,000066799
ץ‏ 6 0,000005567
ץ 46 0,000042677
ץ  0 0,000000000
צא 704 0,000653150
צב 10 0,000009278
צג 120 0,000111332
צד 7 0,000006494
צה 15 0,000013917
צו 1060 0,000983436
צז 0 0,000000000
צח 8 0,000007422
צט 1228 0,001139301
צי 0 0,000000000
צך 37 0,000034327
צכ 4 0,000003711
צל 14 0,000012989
צם 21 0,000019483
צמ 243 0,000225448
צן 23 0,000021339
צנ 11 0,000010205
צס 30 0,000027833
צע 13 0,000012061
צף 190 0,000176276
צפ 0 0,000000000
צץ 3 0,000002783
צצ 1 0,000000928
צק 4 0,000003711
צר 0 0,000000000
צש 0 0,000000000
צ 0 0,000000000
צ 259 0,000240292
צ‎ 2 0,000001856
צ‏ 1 0,000000928
צ 5 0,000004639
צ  0 0,000000000
קא 2173 0,002016043
קב 0 0,000000000
קג 24 0,000022266
קד 0 0,000000000
קה 2 0,000001856
קו 4626 0,004291861
קז 0 0,000000000
קח 2 0,000001856
קט 1823 0,001691324
קי 0 0,000000000
קך 444 0,000411930
קכ 94 0,000087210
קל 1 0,000000928
קם 1197 0,001110540
קמ 94 0,000087210
קן 4 0,000003711
קנ 24 0,000022266
קס 7 0,000006494
קע 5061 0,004695441
קף 800 0,000742216
קפ 4 0,000003711
קץ 1 0,000000928
קצ 1 0,000000928
קק 1 0,000000928
קר 123 0,000114116
קש 0 0,000000000
ק 325 0,000301525
ק 0 0,000000000
ק‎ 0 0,000000000
ק‏ 0 0,000000000
ק 0 0,000000000
ק  0 0,000000000
רא 836 0,000775615
רב 7 0,000006494
רג 45 0,000041750
רד 1 0,000000928
רה 7 0,000006494
רו 2361 0,002190464
רז 0 0,000000000
רח 2 0,000001856
רט 1782 0,001653285
רי 0 0,000000000
רך 789 0,000732010
רכ 666 0,000617894
רל 33 0,000030616
רם 452 0,000419352
רמ 193 0,000179059
רן 34 0,000031544
רנ 13 0,000012061
רס 4 0,000003711
רע 104 0,000096488
רף 209 0,000193904
רפ 1 0,000000928
רץ 0 0,000000000
רצ 8 0,000007422
רק 1 0,000000928
רר 0 0,000000000
רש 0 0,000000000
ר 1502 0,001393510
ר 0 0,000000000
ר‎ 1 0,000000928
ר‏ 1 0,000000928
ר 0 0,000000000
ר  0 0,000000000
שא 558 0,000517695
שב 0 0,000000000
שג 2 0,000001856
שד 0 0,000000000
שה 1 0,000000928
שו 2257 0,002093976
שז 0 0,000000000
שח 0 0,000000000
שט 1301 0,001207028
שי 0 0,000000000
שך 0 0,000000000
שכ 0 0,000000000
של 1 0,000000928
שם 90 0,000083499
שמ 6 0,000005567
שן 1 0,000000928
שנ 18 0,000016700
שס 0 0,000000000
שע 0 0,000000000
שף 339 0,000314514
שפ 0 0,000000000
שץ 0 0,000000000
שצ 0 0,000000000
שק 0 0,000000000
שר 0 0,000000000
שש 0 0,000000000
ש 46 0,000042677
ש 0 0,000000000
ש‎ 0 0,000000000
ש‏ 0 0,000000000
ש 0 0,000000000
ש  0 0,000000000
א 150 0,000139165
ב 428 0,000397085
ג 1578 0,001464020
ד 253 0,000234726
ה 623 0,000578000
ו 862 0,000799737
ז 87 0,000080716
ח 616 0,000571506
ט 1097 0,001017763
י 0 0,000000000
ך 1930 0,001790595
כ 315 0,000292247
ל 659 0,000611400
ם 3214 0,002981851
מ 1078 0,001000135
ן 1362 0,001263622
נ 297 0,000275548
ס 2985 0,002769392
ע 768 0,000712527
ף 349 0,000323792
פ 44 0,000040822
ץ 112 0,000103910
צ 119 0,000110405
ק 723 0,000670777
ר 864 0,000801593
ש 12 0,000011133
 0 0,000000000
 0 0,000000000
‎ 311 0,000288536
‏ 554 0,000513984
 403 0,000373891
  0 0,000000000
תא 0 0,000000000
תב 0 0,000000000
תג 0 0,000000000
תד 0 0,000000000
תה 3 0,000002783
תו 103 0,000095560
תז 0 0,000000000
תח 0 0,000000000
תט 2 0,000001856
תי 0 0,000000000
תך 0 0,000000000
תכ 0 0,000000000
תל 0 0,000000000
תם 0 0,000000000
תמ 0 0,000000000
תן 0 0,000000000
תנ 0 0,000000000
תס 0 0,000000000
תע 1 0,000000928
תף 0 0,000000000
תפ 0 0,000000000
תץ 1 0,000000928
תצ 0 0,000000000
תק 0 0,000000000
תר 0 0,000000000
תש 0 0,000000000
ת 0 0,000000000
ת 0 0,000000000
ת‎ 0 0,000000000
ת‏ 1 0,000000928
ת 77 0,000071438
ת  0 0,000000000
א 72 0,000066799
ב 482 0,000447185
ג 2073 0,001923266
ד 303 0,000281114
ה 494 0,000458318
ו 1757 0,001630091
ז 113 0,000104838
ח 338 0,000313586
ט 607 0,000563156
י 1692 0,001569786
ך 478 0,000443474
כ 2148 0,001992849
ל 2068 0,001918627
ם 893 0,000828498
מ 484 0,000449040
ן 953 0,000884164
נ 461 0,000427702
ס 1466 0,001360110
ע 1404 0,001302588
ף 183 0,000169782
פ 6 0,000005567
ץ 1524 0,001413921
צ 13 0,000012061
ק 306 0,000283897
ר 546 0,000506562
ש 19 0,000017628
 0 0,000000000
 1 0,000000928
‎ 110 0,000102055
‏ 4 0,000003711
 104 0,000096488
  0 0,000000000
‎א 0 0,000000000
‎ב 1 0,000000928
‎ג 29 0,000026905
‎ד 5 0,000004639
‎ה 33 0,000030616
‎ו 0 0,000000000
‎ז 0 0,000000000
‎ח 3 0,000002783
‎ט 0 0,000000000
‎י 5 0,000004639
‎ך 489 0,000453679
‎כ 49 0,000045461
‎ל 33 0,000030616
‎ם 47 0,000043605
‎מ 0 0,000000000
‎ן 23 0,000021339
‎נ 21 0,000019483
‎ס 8 0,000007422
‎ע 3419 0,003172044
‎ף 1 0,000000928
‎פ 30 0,000027833
‎ץ 18 0,000016700
‎צ 0 0,000000000
‎ק 0 0,000000000
‎ר 1 0,000000928
‎ש 0 0,000000000
‎ 0 0,000000000
‎ 0 0,000000000
‎‎ 0 0,000000000
‎‏ 0 0,000000000
‎ 0 0,000000000
‎  0 0,000000000
‏א 49 0,000045461
‏ב 325 0,000301525
‏ג 228 0,000211531
‏ד 77 0,000071438
‏ה 604 0,000560373
‏ו 65 0,000060305
‏ז 333 0,000308947
‏ח 183 0,000169782
‏ט 197 0,000182771
‏י 10 0,000009278
‏ך 280 0,000259775
‏כ 61 0,000056594
‏ל 155 0,000143804
‏ם 275 0,000255137
‏מ 197 0,000182771
‏ן 292 0,000270909
‏נ 138 0,000128032
‏ס 391 0,000362758
‏ע 691 0,000641089
‏ף 53 0,000049172
‏פ 26 0,000024122
‏ץ 36 0,000033400
‏צ 26 0,000024122
‏ק 300 0,000278331
‏ר 30 0,000027833
‏ש 988 0,000916636
‏ 0 0,000000000
‏ 0 0,000000000
‏‎ 67 0,000062161
‏‏ 37 0,000034327
‏ 37 0,000034327
‏  0 0,000000000
א 152 0,000141021
ב 493 0,000457390
ג 1978 0,001835128
ד 341 0,000316369
ה 1334 0,001237644
ו 495 0,000459246
ז 258 0,000239365
ח 796 0,000738504
ט 896 0,000831281
י 23 0,000021339
ך 1345 0,001247850
כ 1149 0,001066007
ל 989 0,000917564
ם 2278 0,002113459
מ 950 0,000881381
ן 1425 0,001322071
נ 400 0,000371108
ס 1774 0,001645863
ע 1974 0,001831417
ף 355 0,000329358
פ 42 0,000038966
ץ 315 0,000292247
צ 123 0,000114116
ק 621 0,000576145
ר 59 0,000054738
ש 415 0,000385024
 0 0,000000000
 0 0,000000000
‎ 203 0,000188337
‏ 182 0,000168854
 249 0,000231015
  0 0,000000000
 א 0 0,000000000
 ב 0 0,000000000
 ג 0 0,000000000
 ד 0 0,000000000
 ה 0 0,000000000
 ו 0 0,000000000
 ז 0 0,000000000
 ח 0 0,000000000
 ט 0 0,000000000
 י 0 0,000000000
 ך 0 0,000000000
 כ 0 0,000000000
 ל 0 0,000000000
 ם 0 0,000000000
 מ 0 0,000000000
 ן 0 0,000000000
 נ 0 0,000000000
 ס 0 0,000000000
 ע 0 0,000000000
 ף 0 0,000000000
 פ 0 0,000000000
 ץ 0 0,000000000
 צ 0 0,000000000
 ק 0 0,000000000
 ר 0 0,000000000
 ש 0 0,000000000
  0 0,000000000
  0 0,000000000
 ‎ 0 0,000000000
 ‏ 0 0,000000000
  0 0,000000000
   0 0,000000000
